L=6

Folding function 
<function unitary_folding at 0x7fa0e4cbc280>

Scale factors 
[1. 3. 5.]

Ground state params 
[[-9.85333174e-02  4.31523172e-01 -1.93106168e-02  1.00464755e+00
   1.72535028e+00  1.45492472e+00 -1.31673185e-01]
 [-9.06117391e-02  3.79789670e-01  2.10434422e-02  8.90691817e-01
   1.69310565e+00  1.37694493e+00 -1.60378108e-01]
 [-7.25581609e-02  3.25295130e-01  6.19369327e-02  7.75448445e-01
   1.65364444e+00  1.27177787e+00 -1.91265250e-01]
 [-4.77764482e-02  2.72010645e-01  9.83234690e-02  6.60285966e-01
   1.60659525e+00  1.14174261e+00 -2.25079025e-01]
 [-2.17818800e-02  2.24016059e-01  1.25084885e-01  5.49209011e-01
   1.55371728e+00  9.95891956e-01 -2.62261846e-01]
 [ 9.34701687e-06  1.83792558e-01  1.39554691e-01  4.47963691e-01
   1.49949265e+00  8.48087027e-01 -3.02678547e-01]
 [ 1.48359777e-02  1.51517094e-01  1.42752850e-01  3.61392873e-01
   1.44941582e+00  7.11575062e-01 -3.45508552e-01]
 [ 2.29950669e-02  1.25926211e-01  1.38121438e-01  2.91204944e-01
   1.40736978e+00  5.94061852e-01 -3.89587480e-01]
 [ 2.63104879e-02  1.05516548e-01  1.29287328e-01  2.36155521e-01
   1.37463078e+00  4.97228373e-01 -4.33814250e-01]
 [ 2.66755268e-02  8.90795407e-02  1.18848922e-01  1.93585133e-01
   1.35054667e+00  4.19126180e-01 -4.77303479e-01]]

-second energy derivatives / L
[[0.61588847]
 [0.69135813]
 [0.77194741]
 [0.82417672]
 [0.81244109]
 [0.7302178 ]
 [0.6067877 ]
 [0.479468  ]
 [0.37028542]
 [0.28499894]]

-std dev second energy derivatives / L
[0. 0. 0. 0. 0. 0. 0. 0. 0. 0.]

-fidelity susceptibility / L
[[0.09965788]
 [0.12558963]
 [0.15541453]
 [0.17763902]
 [0.17877085]
 [0.15624297]
 [0.12130429]
 [0.08719542]
 [0.06039525]
 [0.04148763]]

-std dev fidelity susceptibility / L
[0. 0. 0. 0. 0. 0. 0. 0. 0. 0.]