L=6

Folding function 
<function unitary_folding at 0x7f0f6f824e50>

Scale factors 
[1. 3. 5. 7.]

Ground state params 
[[-9.85333174e-02  4.31523172e-01 -1.93106168e-02  1.00464755e+00
   1.72535028e+00  1.45492472e+00 -1.31673185e-01]
 [-9.06117391e-02  3.79789670e-01  2.10434422e-02  8.90691817e-01
   1.69310565e+00  1.37694493e+00 -1.60378108e-01]
 [-7.25581609e-02  3.25295130e-01  6.19369327e-02  7.75448445e-01
   1.65364444e+00  1.27177787e+00 -1.91265250e-01]
 [-4.77764482e-02  2.72010645e-01  9.83234690e-02  6.60285966e-01
   1.60659525e+00  1.14174261e+00 -2.25079025e-01]
 [-2.17818800e-02  2.24016059e-01  1.25084885e-01  5.49209011e-01
   1.55371728e+00  9.95891956e-01 -2.62261846e-01]
 [ 9.34701687e-06  1.83792558e-01  1.39554691e-01  4.47963691e-01
   1.49949265e+00  8.48087027e-01 -3.02678547e-01]
 [ 1.48359777e-02  1.51517094e-01  1.42752850e-01  3.61392873e-01
   1.44941582e+00  7.11575062e-01 -3.45508552e-01]
 [ 2.29950669e-02  1.25926211e-01  1.38121438e-01  2.91204944e-01
   1.40736978e+00  5.94061852e-01 -3.89587480e-01]
 [ 2.63104879e-02  1.05516548e-01  1.29287328e-01  2.36155521e-01
   1.37463078e+00  4.97228373e-01 -4.33814250e-01]
 [ 2.66755268e-02  8.90795407e-02  1.18848922e-01  1.93585133e-01
   1.35054667e+00  4.19126180e-01 -4.77303479e-01]]

-second energy derivatives / L
[[0.58303976 0.68620418 0.64349177 0.63773236 0.60524708 0.59250067
  0.64864376 0.58006147 0.6166814  0.54919417 0.71403623 0.59478702
  0.66832215 0.65918904 0.63212651 0.63517161 0.53936551 0.60272587
  0.57780548 0.62615015]
 [0.6731472  0.67041988 0.59663487 0.68139905 0.6356772  0.63583619
  0.59198944 0.72554316 0.6499462  0.75256255 0.62946377 0.76119911
  0.74534278 0.7432255  0.66880497 0.66346449 0.66301373 0.72569509
  0.74818822 0.67856498]
 [0.78781425 0.79830954 0.77153236 0.75556447 0.75800791 0.72282818
  0.84064998 0.84386667 0.75880618 0.81718191 0.81360472 0.68768285
  0.78840503 0.73211384 0.8177783  0.80170129 0.80423091 0.83314487
  0.8248805  0.73977824]
 [0.83754993 0.87619063 0.80005573 0.87987865 0.86526859 0.80531979
  0.75456573 0.77786727 0.78133866 0.81567477 0.80405403 0.81063302
  0.85567914 0.91548069 0.89160634 0.80879455 0.77360468 0.97676361
  0.87584748 0.83290458]
 [0.81492395 0.80927319 0.80688837 0.82832767 0.82798982 0.96618883
  0.79250383 0.82284688 0.87532239 0.78244151 1.01657604 0.76225244
  0.77043101 0.82945153 0.66966246 0.8936312  0.88723953 0.88458655
  0.81514097 0.77301027]
 [0.73914346 0.70872071 0.65450657 0.70905664 0.76630924 0.65086786
  0.81891103 0.68204631 0.70626162 0.73527748 0.71037037 0.74447209
  0.77722877 0.70404636 0.74049299 0.65465928 0.82120511 0.76017135
  0.70546847 0.73534734]
 [0.63710258 0.62777117 0.64705749 0.67955401 0.58588946 0.57560019
  0.63639932 0.61843041 0.5320872  0.61207935 0.61914859 0.53017569
  0.59702791 0.69523415 0.60817209 0.65328294 0.63000158 0.66320649
  0.57468145 0.63940313]
 [0.50538064 0.48524819 0.47443626 0.50564771 0.4934724  0.49871336
  0.496959   0.47503364 0.49109659 0.45739852 0.49338588 0.48545379
  0.48071873 0.41383488 0.75472372 0.48035883 0.51040848 0.45917578
  0.48817566 0.45073737]
 [0.39438221 0.41488558 0.38459638 0.4093061  0.39445771 0.32596763
  0.42274856 0.36871995 0.38316375 0.34655808 0.35587222 0.37330656
  0.34892075 0.43656457 0.36408174 0.35072814 0.35280104 0.33616063
  0.3624352  0.40624289]
 [0.28010541 0.27361251 0.28856615 0.27879588 0.24801493 0.29887504
  0.30591405 0.24643213 0.26867208 0.26845229 0.28951439 0.27935013
  0.2921912  0.29165705 0.33602111 0.28377275 0.29091763 0.28029541
  0.27206534 0.28038454]]

-std dev second energy derivatives / L
[0.04322701 0.05086987 0.04176394 0.0536341  0.0734534  0.04685638
 0.04222562 0.06350969 0.0298706  0.01887022]

-fidelity susceptibility / L
[[0.08644326 0.11423041 0.10490521 0.10679018 0.08854086 0.0942594
  0.10642687 0.08475766 0.1001166  0.08464418 0.12968173 0.09578222
  0.11007543 0.10671281 0.10111196 0.11148389 0.0753612  0.10076969
  0.08921489 0.09605119]
 [0.12129579 0.11654083 0.09823417 0.11559479 0.11238874 0.10577376
  0.09916078 0.13303052 0.11973586 0.14230249 0.10878764 0.15258676
  0.1316561  0.13950347 0.11346898 0.11800725 0.12938717 0.14405623
  0.14893339 0.11642801]
 [0.1626079  0.15523865 0.15181673 0.16057838 0.14431048 0.14696631
  0.17374443 0.17250875 0.14873533 0.17024761 0.17337657 0.1263199
  0.15497117 0.13149777 0.17078658 0.17453753 0.16962976 0.17316959
  0.16505432 0.14501411]
 [0.19185102 0.21402623 0.1742889  0.20496887 0.19495531 0.17100762
  0.1541157  0.16723396 0.16004363 0.17340394 0.18726283 0.17294664
  0.18037066 0.2124044  0.20366762 0.17729794 0.16614249 0.240164
  0.18205438 0.19557089]
 [0.17818992 0.18208989 0.17837762 0.2033755  0.19538108 0.2469269
  0.17488109 0.18348561 0.19838219 0.17286633 0.27919809 0.16043233
  0.16913586 0.1974111  0.12993025 0.21635334 0.20271967 0.20039537
  0.18415482 0.18764947]
 [0.16314303 0.13983126 0.12268805 0.14191531 0.16831562 0.12227936
  0.19917643 0.14963129 0.14713555 0.16334042 0.16736702 0.15599233
  0.17789262 0.14419041 0.16553745 0.12720796 0.18483063 0.15961857
  0.1490056  0.14776882]
 [0.1241398  0.13069219 0.13273375 0.14831444 0.12853747 0.10452054
  0.12814329 0.12011338 0.10205026 0.12284919 0.12960216 0.10068661
  0.11923289 0.14645669 0.11761477 0.13593446 0.13664855 0.14325738
  0.11470367 0.12696653]
 [0.09211134 0.0903333  0.08798527 0.10058371 0.0851807  0.09478479
  0.09231189 0.08020983 0.09141885 0.08913656 0.08857769 0.09032864
  0.08351739 0.0681611  0.34272602 0.08809469 0.09354197 0.08781989
  0.09470102 0.07527096]
 [0.06396807 0.07208389 0.0643497  0.0774365  0.06566122 0.05514746
  0.06753826 0.06300007 0.07431632 0.05502823 0.05844541 0.06348324
  0.05477293 0.08316279 0.05737945 0.05852159 0.05649386 0.05757024
  0.06174486 0.0709408 ]
 [0.03531323 0.03927868 0.03766099 0.04045925 0.03544991 0.04501608
  0.04301447 0.04168976 0.03623051 0.03672241 0.03952319 0.04019555
  0.04243084 0.04262287 0.05146291 0.04052975 0.04321162 0.036197
  0.03791161 0.0394622 ]]

-std dev fidelity susceptibility / L
[0.01232932 0.01567206 0.01421847 0.02067131 0.03022273 0.01942758
 0.01319807 0.05593398 0.00786061 0.00376913]