L=6

Folding function 
<function cnot_folding at 0x7f571d280160>

Scale factors 
[1. 3. 5.]

Ground state params 
[[-9.85333174e-02  4.31523172e-01 -1.93106168e-02  1.00464755e+00
   1.72535028e+00  1.45492472e+00 -1.31673185e-01]
 [-9.06117391e-02  3.79789670e-01  2.10434422e-02  8.90691817e-01
   1.69310565e+00  1.37694493e+00 -1.60378108e-01]
 [-7.25581609e-02  3.25295130e-01  6.19369327e-02  7.75448445e-01
   1.65364444e+00  1.27177787e+00 -1.91265250e-01]
 [-4.77764482e-02  2.72010645e-01  9.83234690e-02  6.60285966e-01
   1.60659525e+00  1.14174261e+00 -2.25079025e-01]
 [-2.17818800e-02  2.24016059e-01  1.25084885e-01  5.49209011e-01
   1.55371728e+00  9.95891956e-01 -2.62261846e-01]
 [ 9.34701687e-06  1.83792558e-01  1.39554691e-01  4.47963691e-01
   1.49949265e+00  8.48087027e-01 -3.02678547e-01]
 [ 1.48359777e-02  1.51517094e-01  1.42752850e-01  3.61392873e-01
   1.44941582e+00  7.11575062e-01 -3.45508552e-01]
 [ 2.29950669e-02  1.25926211e-01  1.38121438e-01  2.91204944e-01
   1.40736978e+00  5.94061852e-01 -3.89587480e-01]
 [ 2.63104879e-02  1.05516548e-01  1.29287328e-01  2.36155521e-01
   1.37463078e+00  4.97228373e-01 -4.33814250e-01]
 [ 2.66755268e-02  8.90795407e-02  1.18848922e-01  1.93585133e-01
   1.35054667e+00  4.19126180e-01 -4.77303479e-01]]

-second energy derivatives / L
[[0.64779456 0.59126255 0.68744789 0.60765679 0.62449177 0.60577932
  0.61942069 0.58749055 0.60443387 0.60955581 0.61415749 0.61423257
  0.60304808 0.60477255 0.64908747 0.67144789 0.65372298 0.64476394
  0.64503155 0.63077679]
 [0.71209278 0.71931038 0.68562138 0.69997456 0.65795683 0.77117496
  0.68084559 0.72006597 0.67332982 0.70599099 0.70802273 0.69602991
  0.76732726 0.75452446 0.70127566 0.6443147  0.66128216 0.76239368
  0.69690504 0.70714565]
 [0.75779343 0.68758675 0.83235561 0.77934547 0.7502949  0.7675328
  0.787904   0.75578778 0.82723648 0.81228367 0.84789255 0.7690104
  0.76952645 0.73820197 0.82980988 0.71329613 0.75832488 0.80324957
  0.72155382 0.79210913]
 [0.8387426  0.83982127 0.82365742 0.80910618 0.86765742 0.83739019
  0.80876738 0.87337394 0.8706779  0.81604078 0.85223427 0.91936754
  0.7941482  0.80993962 0.77321264 0.79463046 0.78594553 0.81743871
  0.82714661 0.80092375]
 [0.80771693 0.7950073  0.838763   0.80053308 0.78068337 0.78502466
  0.82351775 0.85572302 0.73963111 0.75177459 0.79994653 0.85337473
  0.77615053 0.83615613 0.83842967 0.77070721 0.8843997  0.75728728
  0.84885925 0.84776764]
 [0.83309426 0.72221505 0.74924568 0.7187043  0.74113311 0.70197983
  0.74226897 0.72223424 0.69573129 0.72920524 0.65236011 0.73415542
  0.6702222  0.69067142 0.72176582 0.7357101  0.69590321 0.7298887
  0.68067852 0.72546437]
 [0.60280059 0.68206246 0.64665928 0.68010423 0.57318506 0.6838019
  0.59187159 0.61586482 0.69224102 0.5868269  0.61882274 0.60189691
  0.59058963 0.5944372  0.61002169 0.61775112 0.57520029 0.63307584
  0.60164965 0.59646044]
 [0.47144052 0.46006321 0.49015949 0.46716687 0.48178681 0.51397153
  0.46182212 0.47338991 0.48849698 0.48906447 0.46073246 0.45576113
  0.43687721 0.50541599 0.49544182 0.48873639 0.55480056 0.50127413
  0.51009103 0.47909715]
 [0.3489967  0.38464712 0.38014911 0.38572233 0.38226059 0.37256452
  0.34499472 0.35247743 0.40841573 0.38548104 0.38289868 0.35322896
  0.38322733 0.35435878 0.38844484 0.38344913 0.3618918  0.37808794
  0.35301071 0.37840212]
 [0.28508693 0.29379049 0.29439751 0.26619589 0.27160173 0.28128242
  0.28675882 0.26626808 0.28744722 0.29531018 0.28989481 0.2738677
  0.30654516 0.28598405 0.29092607 0.29335173 0.3054107  0.29670555
  0.29214658 0.30059688]]

-std dev second energy derivatives / L
[0.02629315 0.03494903 0.04143437 0.03451201 0.03915146 0.03620315
 0.03666098 0.02528952 0.01657199 0.01127522]

-fidelity susceptibility / L
[[0.10984163 0.09198014 0.1225948  0.09678191 0.10812185 0.10031944
  0.09964596 0.08965448 0.10028806 0.098689   0.09727884 0.10159196
  0.09600511 0.09576957 0.10685656 0.11076598 0.1038816  0.10637113
  0.11104832 0.10379742]
 [0.12589286 0.13346965 0.11810959 0.12895951 0.11621605 0.14745027
  0.12680178 0.13735508 0.1129006  0.13996629 0.12680552 0.12742526
  0.15573286 0.14048778 0.12794945 0.11303085 0.11952759 0.14393396
  0.12113169 0.13849196]
 [0.15152379 0.1313226  0.19248781 0.16118269 0.13755732 0.14847692
  0.15687994 0.14981517 0.1690246  0.17505356 0.17514357 0.16003434
  0.15610789 0.14872076 0.17602536 0.13973779 0.15887141 0.16318178
  0.14061682 0.14977665]
 [0.1756347  0.17965039 0.17393744 0.17242116 0.20623144 0.18139323
  0.17134137 0.19269951 0.19858354 0.17224067 0.18824263 0.21754602
  0.15704776 0.1698896  0.15971667 0.15975367 0.1609179  0.17364745
  0.18135392 0.16528794]
 [0.17231004 0.16546207 0.1833753  0.17274632 0.17623485 0.16065171
  0.19211841 0.20089403 0.15150389 0.15323524 0.18259682 0.17767142
  0.16530966 0.19593361 0.19419366 0.17460822 0.21114241 0.15397143
  0.19310465 0.1842938 ]
 [0.20157104 0.15463679 0.16478082 0.14519681 0.15587326 0.14399019
  0.15981463 0.15586224 0.14782271 0.15222241 0.12986885 0.15676641
  0.13888351 0.14358301 0.15145318 0.15483768 0.14730754 0.15840078
  0.14372913 0.16097798]
 [0.11310778 0.14606294 0.13089538 0.1458245  0.10822084 0.14826301
  0.11417838 0.13122846 0.15109577 0.11244771 0.12572721 0.11804462
  0.12076928 0.11789533 0.12032787 0.12714681 0.11042236 0.12474086
  0.12597143 0.11686691]
 [0.08723181 0.0806932  0.08863978 0.08342246 0.08800539 0.10085497
  0.08245034 0.09056118 0.08767954 0.08529637 0.07892289 0.0770103
  0.07876229 0.09378636 0.09177705 0.09426071 0.11343833 0.09083243
  0.09005338 0.08965612]
 [0.05178973 0.06899033 0.06064025 0.06409817 0.06343375 0.0640422
  0.05418907 0.05533115 0.08172179 0.0636192  0.06441732 0.05686767
  0.06838728 0.05905109 0.06573901 0.06403415 0.0584349  0.06474353
  0.05902474 0.06072497]
 [0.04294581 0.0444787  0.04341524 0.03898135 0.0379979  0.04122089
  0.04412135 0.03705079 0.04002437 0.0421554  0.04069175 0.03835739
  0.04388298 0.04126986 0.04356504 0.04364529 0.04724489 0.04340608
  0.04260707 0.0425373 ]]

-std dev fidelity susceptibility / L
[0.00749812 0.01152723 0.01477986 0.01566175 0.01629425 0.01375542
 0.0128253  0.00810558 0.00628033 0.00247032]