L=4

Folding function 
<function cnot_folding at 0x7f6c3cd4c160>

Scale factors 
[1. 3. 5.]

Ground state params 
[[ 1.970773    1.00812676 -0.27301656]
 [ 1.92755678  0.92711963 -0.3554931 ]
 [ 1.88041609  0.84162129 -0.43494668]
 [ 1.83191742  0.75486221 -0.50965506]
 [ 1.78443103  0.67047171 -0.57818917]
 [ 1.73971588  0.59156158 -0.63969004]
 [ 1.69880946  0.52015408 -0.69396629]
 [ 1.66207812  0.45709083 -0.74132779]
 [ 1.62948237  0.40230323 -0.78244287]
 [ 1.60070336  0.3551614  -0.81808127]]

-second energy derivatives / L
[[0.7322419  0.71226001 0.72264911 0.69934432 0.764993   0.66735636
  0.67263248 0.70967457 0.75240921 0.68104628 0.72057878 0.72478915
  0.70261584 0.70753599 0.77867756 0.71660412 0.68948165 0.71101922
  0.70666302 0.73401416]
 [0.72840594 0.78746729 0.75744898 0.74075697 0.74124981 0.73647448
  0.70404369 0.74989772 0.78538887 0.73724813 0.74780868 0.71543349
  0.78655268 0.76316628 0.73324185 0.78458533 0.77641644 0.7103417
  0.75093182 0.75428661]
 [0.75943917 0.80111584 0.73340691 0.76996234 0.79490026 0.82622625
  0.79189394 0.78617658 0.75242341 0.76537114 0.724334   0.74806684
  0.77270695 0.77200462 0.77296788 0.77523086 0.77339094 0.75949373
  0.74558312 0.74329306]
 [0.7840095  0.73176276 0.72554956 0.74122961 0.77756585 0.75007449
  0.72273048 0.72597446 0.71951521 0.74280218 0.71934412 0.70762242
  0.72832222 0.75655748 0.74959119 0.75855233 0.77105482 0.77150504
  0.76014718 0.72986009]
 [0.72991146 0.72446535 0.66073726 0.71087429 0.7161285  0.67052631
  0.69857948 0.65641934 0.77105601 0.71743488 0.67581342 0.73406476
  0.70733451 0.67013624 0.68030242 0.67871947 0.65645605 0.69697574
  0.70984731 0.66126184]
 [0.57682759 0.57580316 0.61627152 0.59521774 0.65270604 0.62102166
  0.61703707 0.58320428 0.59392238 0.56485668 0.60159132 0.61889587
  0.5956764  0.63515521 0.56593752 0.58008076 0.63182525 0.61454951
  0.57593019 0.63878034]
 [0.5054854  0.54571037 0.46711568 0.49434402 0.50214543 0.48254735
  0.53909813 0.47657825 0.5035618  0.49067874 0.49369021 0.51658211
  0.47974678 0.5009997  0.54510538 0.47792586 0.5138138  0.50745913
  0.50078481 0.53672798]
 [0.44453802 0.4408949  0.39995833 0.42948264 0.38924268 0.43502514
  0.4415069  0.4045048  0.40714563 0.38952071 0.4008051  0.45353698
  0.41704962 0.42366362 0.3988277  0.40797843 0.41462414 0.40995904
  0.38742246 0.45076633]
 [0.35802263 0.33777064 0.35433859 0.35328878 0.3770792  0.34711186
  0.33089144 0.34278668 0.35588613 0.33664856 0.34827997 0.36844376
  0.33979793 0.35528411 0.34207667 0.34138308 0.33875861 0.33746943
  0.34990275 0.34688135]
 [0.27654134 0.28672298 0.27549911 0.28549844 0.27709073 0.26723272
  0.27169487 0.27572362 0.28319616 0.2622556  0.28851051 0.2953588
  0.29690662 0.26272962 0.26806913 0.25978278 0.29341427 0.30223936
  0.27631539 0.29228138]]

-std dev second energy derivatives / L
[0.02760673 0.02476844 0.02373356 0.02140724 0.03025287 0.02529863
 0.02262947 0.02073794 0.01106511 0.01219318]

-fidelity susceptibility / L
[[0.11949396 0.11347921 0.11594807 0.10831523 0.12469861 0.09677478
  0.1057265  0.11005926 0.12094817 0.1063886  0.11760999 0.11980915
  0.11241024 0.11336053 0.13356651 0.11447651 0.10828693 0.11521777
  0.10944009 0.12031967]
 [0.11941635 0.13616378 0.12328656 0.12106133 0.12185429 0.12150846
  0.11026249 0.12615565 0.13018899 0.11825638 0.12408444 0.11477431
  0.13579342 0.12496916 0.1229102  0.12931389 0.13093798 0.11435605
  0.12564346 0.12474423]
 [0.12662563 0.13917047 0.12061761 0.13078799 0.13790358 0.15070047
  0.13679175 0.13757432 0.1257383  0.1258623  0.11581088 0.12334498
  0.1277912  0.12773472 0.13198988 0.13398171 0.12882394 0.12500337
  0.12156454 0.12079892]
 [0.13776312 0.12202134 0.12092918 0.1224156  0.1384792  0.12959127
  0.11835894 0.12331311 0.1205618  0.12527129 0.11671446 0.11561571
  0.12347057 0.12472251 0.13493293 0.12531719 0.12728669 0.12905975
  0.12960274 0.12497611]
 [0.11928617 0.12424462 0.10648974 0.11836451 0.11626193 0.10825767
  0.11979037 0.10554659 0.14138474 0.12262229 0.10525732 0.13253618
  0.12003435 0.1094723  0.11040791 0.11251261 0.1094308  0.11390914
  0.11841086 0.10654238]
 [0.08758102 0.08849286 0.09668827 0.09339325 0.1071016  0.09703528
  0.10036514 0.0913198  0.09194865 0.08947631 0.09622353 0.0968649
  0.09512298 0.10473832 0.08731411 0.08966304 0.1034617  0.09832523
  0.09111377 0.10729007]
 [0.0742213  0.08642977 0.06809145 0.07029057 0.07485025 0.06933037
  0.08174609 0.06977672 0.07247358 0.07305492 0.07312739 0.07673783
  0.06935807 0.07186637 0.08123268 0.06890758 0.07889376 0.0765117
  0.07092177 0.08489376]
 [0.06364713 0.06711614 0.05420353 0.06001878 0.0543018  0.05977412
  0.06213931 0.05770015 0.05253611 0.05239973 0.05380542 0.06700755
  0.05837913 0.06060758 0.05470328 0.05447908 0.05643912 0.05735649
  0.04971873 0.06449971]
 [0.04732811 0.04347035 0.04696729 0.04771907 0.05241652 0.04395565
  0.0435012  0.04854552 0.04679325 0.04309119 0.04494668 0.05004872
  0.04501906 0.0473571  0.04511606 0.04380251 0.04389064 0.04397425
  0.04731376 0.04352125]
 [0.03286658 0.03369804 0.03130398 0.03462864 0.03182613 0.03233487
  0.03287659 0.0317653  0.03382612 0.03034604 0.03538553 0.03617532
  0.03672478 0.0303667  0.03153285 0.03133054 0.03900116 0.0369879
  0.0317223  0.03723409]]

-std dev fidelity susceptibility / L
[0.00772517 0.0065254  0.00795306 0.00616396 0.00916686 0.00617497
 0.00533729 0.00485452 0.00246458 0.0024799 ]