L=4

Folding function 
<function unitary_folding at 0x7eff98184e50>

Scale factors 
[1. 3. 5.]

Ground state params 
[[ 1.970773    1.00812676 -0.27301656]
 [ 1.92755678  0.92711963 -0.3554931 ]
 [ 1.88041609  0.84162129 -0.43494668]
 [ 1.83191742  0.75486221 -0.50965506]
 [ 1.78443103  0.67047171 -0.57818917]
 [ 1.73971588  0.59156158 -0.63969004]
 [ 1.69880946  0.52015408 -0.69396629]
 [ 1.66207812  0.45709083 -0.74132779]
 [ 1.62948237  0.40230323 -0.78244287]
 [ 1.60070336  0.3551614  -0.81808127]]

-second energy derivatives / L
[[0.71365552 0.73763293 0.7567334  0.71708333 0.66715003 0.74892015
  0.73773466 0.69213997 0.74802828 0.71580666 0.73198352 0.74487668
  0.72629269 0.69457346 0.69484562 0.74517745 0.72047143 0.72939872
  0.7690763  0.6937995 ]
 [0.82624969 0.72118927 0.77604489 0.7311117  0.7856079  0.78012163
  0.80555815 0.71280266 0.77640336 0.73762793 0.77552589 0.72829384
  0.77261513 0.77552696 0.78901602 0.76881762 0.74726998 0.7578577
  0.75788278 0.8177469 ]
 [0.82247935 0.80098228 0.7772937  0.791884   0.82879189 0.78815735
  0.77618274 0.74441501 0.79238437 0.80944516 0.72097817 0.78420533
  0.79351293 0.77240987 0.79159933 0.75029224 0.77157901 0.75939734
  0.78124517 0.77699666]
 [0.73020054 0.8308542  0.78446062 0.75261793 0.75515778 0.7054558
  0.75981795 0.75615315 0.75843699 0.74735794 0.74723971 0.7456316
  0.77206143 0.73182728 0.7910741  0.74740273 0.70533162 0.79190296
  0.73383936 0.72691242]
 [0.72422258 0.69552436 0.69393572 0.67126168 0.6659468  0.67635018
  0.69207721 0.70363737 0.66312336 0.66781578 0.66040972 0.67079326
  0.74313963 0.66464064 0.65650178 0.6926807  0.66756693 0.6583704
  0.72246161 0.68694593]
 [0.61808215 0.59714784 0.59104546 0.63337826 0.57358716 0.55902015
  0.62197019 0.60969999 0.55920329 0.62865817 0.62723885 0.5918622
  0.60257419 0.58478657 0.58586966 0.61115844 0.57246672 0.60551714
  0.57295606 0.57244468]
 [0.51837806 0.55000275 0.51639973 0.49704594 0.48430295 0.5435129
  0.49701178 0.4968406  0.48453732 0.49183454 0.50311302 0.48168427
  0.49620175 0.53536309 0.51643278 0.51145748 0.48916298 0.49394404
  0.50265179 0.53318285]
 [0.41717027 0.45649689 0.43844508 0.41029263 0.41616533 0.41197632
  0.43178758 0.40557314 0.40420803 0.441065   0.44048508 0.42190709
  0.41198797 0.4084824  0.39140948 0.44018023 0.40649805 0.41783632
  0.41320191 0.43486849]
 [0.32059234 0.33074491 0.32413111 0.33223447 0.34253744 0.35536024
  0.37288094 0.34521131 0.34149017 0.32129461 0.34032197 0.3575444
  0.34753845 0.35903085 0.34253806 0.336446   0.33688722 0.35858411
  0.34857606 0.33470189]
 [0.27858326 0.27117901 0.27371949 0.27427554 0.30268619 0.27990282
  0.28034632 0.2905135  0.27799954 0.28452694 0.27761004 0.26779557
  0.28026867 0.29724658 0.28299863 0.28896544 0.27751675 0.30231411
  0.28310603 0.25239894]]

-std dev second energy derivatives / L
[0.0252652  0.03013833 0.02484721 0.02928991 0.02386837 0.02268004
 0.01978703 0.01608221 0.01334462 0.01138039]

-fidelity susceptibility / L
[[0.1195289  0.11721071 0.12201805 0.11197844 0.10077587 0.12581654
  0.12235832 0.11070008 0.12564767 0.11471199 0.12336003 0.12521912
  0.11909052 0.10952198 0.10765365 0.12015875 0.11632589 0.12292722
  0.1250066  0.10694573]
 [0.14551483 0.10949319 0.13323125 0.11628836 0.12990315 0.12984959
  0.13739018 0.11214931 0.13003214 0.11830334 0.13172372 0.11395627
  0.1271358  0.1284905  0.13072418 0.13095307 0.1191728  0.12701093
  0.1267609  0.14044235]
 [0.14815301 0.13896572 0.13154976 0.13509037 0.14179281 0.13566091
  0.13032018 0.12587277 0.13905377 0.14032947 0.11490238 0.135602
  0.14051022 0.13255648 0.13072123 0.12379188 0.12794863 0.12512232
  0.13445888 0.13340283]
 [0.12032678 0.15007635 0.13390908 0.12798092 0.12652263 0.11514847
  0.13519528 0.12749376 0.12722644 0.12812403 0.12781202 0.12174998
  0.12717904 0.12388348 0.13739258 0.12499606 0.11305308 0.13613911
  0.12091257 0.12359347]
 [0.12361098 0.10942646 0.11065023 0.11013319 0.11128797 0.11106937
  0.116083   0.11713396 0.10582487 0.10860471 0.10185025 0.10831597
  0.12771707 0.10438037 0.10795085 0.11510413 0.10957148 0.10574959
  0.11856695 0.11434786]
 [0.09673528 0.0925254  0.09152306 0.10799787 0.08698336 0.08456199
  0.09978001 0.09635216 0.08616834 0.09760779 0.10610492 0.09067166
  0.09216059 0.09380894 0.08976902 0.09634722 0.08893481 0.09587251
  0.08416691 0.08801048]
 [0.07657704 0.08628059 0.07605423 0.07407236 0.0729834  0.08674412
  0.07317564 0.07175374 0.0706641  0.07110178 0.07407791 0.06962118
  0.07312148 0.07928955 0.07728944 0.07448183 0.07137944 0.07050032
  0.07456107 0.08245402]
 [0.05761749 0.06665494 0.06207716 0.05732305 0.0565601  0.05665365
  0.06046495 0.05657301 0.0559189  0.06467147 0.06007867 0.05882062
  0.05703468 0.05744069 0.05113757 0.0604657  0.0572257  0.05486808
  0.05642635 0.06053156]
 [0.04039146 0.04169148 0.0422146  0.04317048 0.04462056 0.04801593
  0.0535102  0.04321148 0.04460552 0.03984679 0.04718156 0.04520957
  0.04464541 0.04740603 0.04497251 0.04417161 0.04238173 0.04648252
  0.04496698 0.04547782]
 [0.0342955  0.03218376 0.03150533 0.03462394 0.03683202 0.03289702
  0.03161289 0.03482205 0.03344891 0.03436377 0.03355243 0.03244387
  0.03440446 0.03672829 0.03460292 0.03539219 0.03158852 0.03825093
  0.03286194 0.0285894 ]]

-std dev fidelity susceptibility / L
[0.00710703 0.00921636 0.00732624 0.00808717 0.00625209 0.00632381
 0.00482693 0.0033766  0.00294834 0.00214222]