L=4

Folding function 
<function cnot_folding at 0x7efbd0174160>

Scale factors 
[1. 3. 5. 7. 9.]

Ground state params 
[[ 1.970773    1.00812676 -0.27301656]
 [ 1.92755678  0.92711963 -0.3554931 ]
 [ 1.88041609  0.84162129 -0.43494668]
 [ 1.83191742  0.75486221 -0.50965506]
 [ 1.78443103  0.67047171 -0.57818917]
 [ 1.73971588  0.59156158 -0.63969004]
 [ 1.69880946  0.52015408 -0.69396629]
 [ 1.66207812  0.45709083 -0.74132779]
 [ 1.62948237  0.40230323 -0.78244287]
 [ 1.60070336  0.3551614  -0.81808127]]

-second energy derivatives / L
[[0.71581596 0.71001262 0.67696495 0.75001461 0.64015073 0.69500993
  0.69760486 0.72823194 0.81145317 0.74756054 0.6718358  0.79496059
  0.77802555 0.71665266 0.78897407 0.66802095 0.5961856  0.72727926
  0.67182065 0.77297686]
 [0.75889974 0.76141122 0.86223445 0.82111792 0.67744122 0.76555149
  0.81144483 0.84945543 0.70890674 0.80957102 0.88334705 0.81923571
  0.71580359 0.8034121  0.69601344 0.75279218 0.83272252 0.68919535
  0.7575913  0.85544208]
 [0.85362273 0.73747334 0.76648917 0.69931206 0.75852703 0.73944792
  0.82380519 0.75219548 0.82649132 0.80834753 0.8165054  0.71580403
  0.70312126 0.86696344 0.76188666 0.75356049 0.66631953 0.81289811
  0.79529552 0.74388052]
 [0.77357923 0.69857929 0.65750762 0.82976771 0.81741553 0.84723249
  0.8194148  0.83050771 0.80256261 0.72011527 0.87467144 0.84271863
  0.76776031 0.86469966 0.74008823 0.74064042 0.70989055 0.88679044
  0.67327444 0.74455424]
 [0.70869125 0.59236618 0.72560106 0.8360522  0.66658112 0.73589646
  0.7782895  0.63958049 0.64041673 0.60707916 0.62547364 0.74002962
  0.79613177 0.62542132 0.63068733 0.6712033  0.69480307 0.67546671
  0.72898921 0.64627846]
 [0.50819894 0.4781475  0.55413868 0.54664113 0.60502235 0.52965259
  0.63673911 0.59474006 0.584029   0.59613115 0.55155225 0.61848863
  0.68393135 0.58481746 0.69316167 0.6433464  0.65079013 0.56253824
  0.56739878 0.59004354]
 [0.49706195 0.43604827 0.57350049 0.45202332 0.46830884 0.50729645
  0.50255887 0.45223305 0.51515902 0.4870828  0.49168543 0.50930651
  0.50496662 0.54080203 0.49772709 0.47313751 0.45695207 0.53714655
  0.581062   0.52809695]
 [0.33446522 0.47602509 0.4353335  0.45589094 0.40638329 0.57876243
  0.39226993 0.43667493 0.4692483  0.44787993 0.3611844  0.39748698
  0.54996492 0.40394651 0.41869412 0.44193769 0.45017524 0.44109694
  0.45092287 0.47971578]
 [0.3573651  0.37365335 0.35834367 0.36153499 0.37258383 0.39057201
  0.30571788 0.34912706 0.3072525  0.31620535 0.40980114 0.32345415
  0.39318464 0.41916319 0.34115771 0.30143763 0.39875321 0.34318487
  0.37521263 0.37967259]
 [0.29692264 0.2947023  0.27113275 0.23292943 0.29395334 0.29499586
  0.31345742 0.35804958 0.32619054 0.28109854 0.32245057 0.33792123
  0.24647414 0.3080607  0.30444305 0.26793021 0.34437426 0.29023435
  0.25717756 0.30081401]]

-std dev second energy derivatives / L
[0.0542072  0.0606485  0.0525458  0.06727296 0.06495539 0.05389041
 0.03788341 0.05474152 0.03437713 0.03137151]

-fidelity susceptibility / L
[[0.11722618 0.10831893 0.1029281  0.12137701 0.09336911 0.11087278
  0.10761775 0.11147732 0.12898783 0.12978945 0.10182273 0.13242951
  0.13534016 0.10946114 0.13179078 0.10257068 0.08162689 0.11907378
  0.10825676 0.13634073]
 [0.12784776 0.12553011 0.15166349 0.15026534 0.10005362 0.1338408
  0.13755462 0.1489559  0.10862291 0.14751776 0.16484028 0.13644338
  0.1095508  0.1368799  0.1083494  0.12642144 0.14347635 0.10861557
  0.12230469 0.154166  ]
 [0.15549524 0.11442171 0.13036156 0.10497241 0.12265103 0.12105481
  0.14653647 0.12222062 0.14755026 0.14251155 0.14088552 0.11892258
  0.12179562 0.16442994 0.12724151 0.12613212 0.09465352 0.14279205
  0.1329293  0.1135046 ]
 [0.14064365 0.11583093 0.10184518 0.14605317 0.1363132  0.14448365
  0.14496895 0.15120903 0.13874448 0.11331937 0.17213282 0.14985316
  0.13413243 0.15114294 0.11268078 0.12580344 0.11279445 0.15277745
  0.1117263  0.12316835]
 [0.11783087 0.08857001 0.12283774 0.1681066  0.10222841 0.13751277
  0.11641319 0.10494633 0.10950488 0.09488007 0.10777229 0.11645404
  0.1392162  0.09589651 0.09505842 0.10454476 0.11580456 0.11750179
  0.1301879  0.09326087]
 [0.070679   0.06788781 0.07792558 0.07898536 0.09367753 0.07771509
  0.09144995 0.09254954 0.1025033  0.09844993 0.0781788  0.10024193
  0.10800195 0.09549179 0.12126077 0.09705443 0.11044692 0.09119223
  0.09031224 0.09110485]
 [0.06988933 0.05424523 0.08191396 0.07294663 0.06191387 0.06920757
  0.06847487 0.06564827 0.07304266 0.06774901 0.06680399 0.07740189
  0.07285499 0.08243145 0.06956805 0.06712121 0.06498632 0.08320769
  0.1001337  0.07350165]
 [0.04330428 0.06836897 0.05901821 0.06515313 0.05437593 0.10917669
  0.05144079 0.05998004 0.06743318 0.06254036 0.04948304 0.05470467
  0.09067427 0.05335269 0.0608464  0.06709684 0.06036117 0.06374829
  0.06442172 0.07090984]
 [0.04821982 0.05142439 0.04662216 0.04779116 0.05006559 0.04906639
  0.0389012  0.04287324 0.03539516 0.0416292  0.06131467 0.04012965
  0.05528804 0.08025516 0.03946141 0.03414032 0.0600674  0.04176417
  0.05494329 0.04710605]
 [0.04255077 0.03786156 0.02990034 0.02773276 0.0342809  0.03389458
  0.03687908 0.04808147 0.04173289 0.03861944 0.0423543  0.04477991
  0.02530797 0.044132   0.03832728 0.03229577 0.04432943 0.03256585
  0.0272283  0.03887735]]

-std dev fidelity susceptibility / L
[0.01446958 0.01787303 0.01681956 0.01798905 0.01870312 0.01325744
 0.00939114 0.01413693 0.01038466 0.0063467 ]