L=4

Folding function 
<function cnot_folding at 0x7f883519c160>

Scale factors 
[1. 3.]

Ground state params 
[[ 1.970773    1.00812676 -0.27301656]
 [ 1.92755678  0.92711963 -0.3554931 ]
 [ 1.88041609  0.84162129 -0.43494668]
 [ 1.83191742  0.75486221 -0.50965506]
 [ 1.78443103  0.67047171 -0.57818917]
 [ 1.73971588  0.59156158 -0.63969004]
 [ 1.69880946  0.52015408 -0.69396629]
 [ 1.66207812  0.45709083 -0.74132779]
 [ 1.62948237  0.40230323 -0.78244287]
 [ 1.60070336  0.3551614  -0.81808127]]

-second energy derivatives / L
[[0.6927505  0.71140464 0.72224213 0.69039105 0.71994872 0.7187
  0.7014703  0.73736432 0.71322651 0.720182   0.73185867 0.72903767
  0.71467745 0.70644229 0.7184812  0.72263874 0.72223268 0.73578724
  0.75476104 0.70516629]
 [0.75718615 0.77687366 0.74442543 0.76523767 0.74318644 0.78081383
  0.76982652 0.76027268 0.7668741  0.76424503 0.74997704 0.77347196
  0.73064838 0.76137173 0.74619501 0.73730081 0.78383392 0.77400965
  0.74574993 0.77503783]
 [0.77349286 0.76339644 0.75784577 0.80203558 0.78079323 0.78076172
  0.77009733 0.75162227 0.759927   0.77771585 0.79611765 0.78642678
  0.75207022 0.74546396 0.70327929 0.77388998 0.77351478 0.74162725
  0.77074432 0.76407886]
 [0.74614908 0.7589663  0.75167237 0.74091944 0.72164992 0.7759684
  0.74132819 0.72781953 0.74180877 0.72328949 0.70942398 0.76134547
  0.73075481 0.78226702 0.74184916 0.71669755 0.7459393  0.74430334
  0.71513754 0.72694719]
 [0.68866698 0.69384489 0.70458799 0.68165347 0.66532817 0.69453269
  0.67702637 0.6573013  0.69200494 0.72150519 0.68240179 0.67318078
  0.67696803 0.68762835 0.69466081 0.66622773 0.68753846 0.66409682
  0.67160585 0.68183462]
 [0.60891071 0.58805533 0.58721398 0.58709627 0.62049831 0.57718927
  0.60534553 0.59955224 0.62929868 0.56640276 0.58001462 0.59591238
  0.5932647  0.62002633 0.57085806 0.59888456 0.61936165 0.57959972
  0.60483593 0.59917398]
 [0.50026171 0.50998279 0.50087519 0.50949572 0.51689585 0.51715023
  0.50473633 0.4991637  0.51442083 0.51837701 0.52035112 0.52355977
  0.50791648 0.51922156 0.52488411 0.51835916 0.50766449 0.51374558
  0.49496592 0.48882849]
 [0.42295284 0.42126776 0.39357945 0.43880452 0.41367514 0.42001668
  0.41049775 0.4144375  0.40306583 0.42899067 0.41913861 0.39390511
  0.41464819 0.3997228  0.41227675 0.41546733 0.42044951 0.41007693
  0.40226699 0.44126187]
 [0.3225501  0.34980407 0.3384205  0.35123743 0.32508798 0.35547267
  0.34004732 0.33975572 0.3515379  0.33769834 0.36696758 0.36682182
  0.3341333  0.34832336 0.34649172 0.34025868 0.32704762 0.31967739
  0.35815513 0.33001663]
 [0.27765651 0.28475933 0.27926412 0.28325679 0.27869325 0.28258497
  0.27456887 0.27723315 0.28299297 0.26025998 0.28787569 0.27498537
  0.28384725 0.28189269 0.28053866 0.29014814 0.27566126 0.30858061
  0.27936515 0.29103332]]

-std dev second energy derivatives / L
[0.01494679 0.01497169 0.02106432 0.01903687 0.01483807 0.01703239
 0.0096735  0.01249422 0.01343452 0.00891112]

-fidelity susceptibility / L
[[0.10760371 0.11211289 0.11324299 0.10786406 0.11482662 0.11581979
  0.11180714 0.12129209 0.11399701 0.11525876 0.11741801 0.11675172
  0.11284179 0.1120317  0.11323599 0.11659518 0.11626621 0.12097161
  0.12517851 0.1107566 ]
 [0.12394696 0.12938359 0.12099311 0.12663898 0.11856992 0.12769116
  0.12986616 0.12682961 0.12866904 0.12820052 0.11992952 0.13042816
  0.11904006 0.1246982  0.12280682 0.11869605 0.13134433 0.13017069
  0.12070047 0.12865609]
 [0.1314016  0.1283925  0.12868018 0.13729413 0.13153895 0.13324235
  0.12861593 0.12092874 0.12647462 0.12895825 0.13590899 0.13411408
  0.12501449 0.12428353 0.11097993 0.13182848 0.12829104 0.12031514
  0.12687905 0.12744894]
 [0.12422918 0.13261641 0.12437392 0.12378542 0.12026361 0.1352715
  0.12663827 0.12198717 0.12615931 0.11867852 0.11313611 0.12839789
  0.12295347 0.13682603 0.12643844 0.11887667 0.12665151 0.12627832
  0.11589897 0.11691015]
 [0.11267934 0.1122288  0.11906999 0.11230012 0.10851205 0.11184419
  0.11051077 0.10658283 0.11405654 0.12104492 0.11203798 0.10832137
  0.11021322 0.11343925 0.115354   0.10364305 0.11216822 0.10698649
  0.11044487 0.11211414]
 [0.09748849 0.09463827 0.09222215 0.09184099 0.09856562 0.08856932
  0.09622704 0.09664452 0.10133214 0.08575274 0.08972748 0.09489934
  0.09161034 0.10041875 0.08751148 0.09360518 0.09644209 0.09144276
  0.09579577 0.09373718]
 [0.07455164 0.07362798 0.07341532 0.07470008 0.0750123  0.07727721
  0.07455005 0.07474884 0.07681237 0.07705261 0.07898645 0.07845428
  0.07439105 0.07723857 0.08076272 0.0763931  0.07641149 0.07630132
  0.07404208 0.07170723]
 [0.06050565 0.05823121 0.05319319 0.06082316 0.05656132 0.06048532
  0.05633215 0.05777837 0.05621212 0.0595021  0.05889661 0.05350981
  0.05815892 0.05501943 0.05663167 0.05688613 0.05849109 0.05571196
  0.05575975 0.0625841 ]
 [0.04086705 0.04548953 0.04290742 0.04784618 0.04099357 0.04777428
  0.04411358 0.04550737 0.04553569 0.04328456 0.04801287 0.04881809
  0.04340642 0.04467873 0.0451173  0.04247796 0.04189102 0.04125449
  0.04609305 0.04133897]
 [0.03294689 0.03438375 0.03331765 0.03364519 0.03312824 0.03306398
  0.03341976 0.0324075  0.03516377 0.03107426 0.03533256 0.03326537
  0.03350509 0.03522404 0.03337039 0.035223   0.03309992 0.03782847
  0.03282034 0.03506925]]

-std dev fidelity susceptibility / L
[0.00421111 0.00430074 0.00583046 0.00600303 0.00391014 0.00405202
 0.00209675 0.00239403 0.00245824 0.00141167]