L=6

Folding function 
<function unitary_folding at 0x7f43d8884e50>

Scale factors 
[1. 3. 5.]

Ground state params 
[[-9.85333174e-02  4.31523172e-01 -1.93106168e-02  1.00464755e+00
   1.72535028e+00  1.45492472e+00 -1.31673185e-01]
 [-9.06117391e-02  3.79789670e-01  2.10434422e-02  8.90691817e-01
   1.69310565e+00  1.37694493e+00 -1.60378108e-01]
 [-7.25581609e-02  3.25295130e-01  6.19369327e-02  7.75448445e-01
   1.65364444e+00  1.27177787e+00 -1.91265250e-01]
 [-4.77764482e-02  2.72010645e-01  9.83234690e-02  6.60285966e-01
   1.60659525e+00  1.14174261e+00 -2.25079025e-01]
 [-2.17818800e-02  2.24016059e-01  1.25084885e-01  5.49209011e-01
   1.55371728e+00  9.95891956e-01 -2.62261846e-01]
 [ 9.34701687e-06  1.83792558e-01  1.39554691e-01  4.47963691e-01
   1.49949265e+00  8.48087027e-01 -3.02678547e-01]
 [ 1.48359777e-02  1.51517094e-01  1.42752850e-01  3.61392873e-01
   1.44941582e+00  7.11575062e-01 -3.45508552e-01]
 [ 2.29950669e-02  1.25926211e-01  1.38121438e-01  2.91204944e-01
   1.40736978e+00  5.94061852e-01 -3.89587480e-01]
 [ 2.63104879e-02  1.05516548e-01  1.29287328e-01  2.36155521e-01
   1.37463078e+00  4.97228373e-01 -4.33814250e-01]
 [ 2.66755268e-02  8.90795407e-02  1.18848922e-01  1.93585133e-01
   1.35054667e+00  4.19126180e-01 -4.77303479e-01]]

-second energy derivatives / L
[[0.60089683 0.65976428 0.61065157 0.60921013 0.66641847 0.65246718
  0.6161841  0.59180282 0.56012552 0.63557951 0.62117897 0.61799112
  0.65208707 0.54654933 0.59411622 0.63555025 0.65809738 0.59584228
  0.62558161 0.62149148]
 [0.70338786 0.71569662 0.65103913 0.69619796 0.72367874 0.72617042
  0.70573146 0.72149887 0.65294426 0.6895711  0.71491599 0.68544775
  0.66310414 0.62253382 0.69000742 0.64977865 0.71775929 0.67006177
  0.72036595 0.6911988 ]
 [0.71841714 0.72298909 0.84666131 0.72781842 0.77007123 0.76525611
  0.75609337 0.75010264 0.85404182 0.7895749  0.72256166 0.79344696
  0.74826151 0.77676768 0.73643162 0.79816149 0.79716198 0.79423154
  0.71749101 0.69419835]
 [0.81954258 0.81822437 0.78843024 0.81421428 0.82848798 0.89622126
  0.75907928 0.85574068 0.78553507 0.8011881  0.91738633 0.79240542
  0.80214656 0.78064032 0.91142349 0.76458049 0.83307536 0.84975122
  0.79855527 0.79311021]
 [0.83170282 0.86832143 0.83079742 0.79123639 0.83206784 0.74862351
  0.77026088 0.78909275 0.78184737 0.79750734 0.79763345 0.79358457
  0.77896731 0.77985551 0.76492583 0.80488694 0.7536693  0.76950952
  0.79940078 0.88217886]
 [0.77720894 0.72230041 0.80572956 0.72804291 0.74549991 0.7751679
  0.72598483 0.70870321 0.70706938 0.76753977 0.77259675 0.70885709
  0.74644615 0.70338133 0.79360066 0.72252346 0.69603852 0.69695022
  0.74207223 0.76721645]
 [0.61601287 0.61890823 0.5685026  0.58905374 0.62381155 0.65064846
  0.61555166 0.57993547 0.58656947 0.57284171 0.61217348 0.6424794
  0.6245468  0.60127729 0.58060205 0.64150223 0.60237371 0.5962636
  0.62441444 0.59541861]
 [0.51095209 0.4640509  0.46271289 0.45353716 0.49854974 0.46210492
  0.4841459  0.52163352 0.44740388 0.47767571 0.45133006 0.4351348
  0.47931218 0.48997961 0.48610257 0.50968771 0.48025184 0.4960614
  0.5136914  0.46414634]
 [0.38461724 0.36916534 0.40153559 0.36524754 0.37509954 0.39777622
  0.36008262 0.4081921  0.4173597  0.36969632 0.36826012 0.34770728
  0.39636797 0.34727876 0.38433781 0.40710041 0.3904134  0.38474406
  0.40875316 0.38390902]
 [0.29707823 0.29933902 0.27822726 0.28240035 0.27673504 0.27707806
  0.28317654 0.31468965 0.30124864 0.29041983 0.28151666 0.2909126
  0.28859877 0.31634332 0.29458778 0.29728446 0.28443407 0.28458142
  0.26151902 0.29689157]]

-std dev second energy derivatives / L
[0.0311174  0.02921583 0.04179019 0.04428489 0.03437045 0.0328351
 0.02312129 0.02364916 0.0198371  0.01269029]

-fidelity susceptibility / L
[[0.09653971 0.10752364 0.09657684 0.09847667 0.11424072 0.10836388
  0.10029175 0.09584498 0.08595293 0.10613698 0.10232316 0.09874041
  0.11185414 0.08506537 0.09098278 0.10841577 0.11009334 0.09701719
  0.10262876 0.10161885]
 [0.13258117 0.12740189 0.115067   0.1244326  0.13279718 0.1358564
  0.13113083 0.13662798 0.115603   0.12170962 0.12846889 0.12747085
  0.10829465 0.10786539 0.1222975  0.12171762 0.13262748 0.12380904
  0.13869742 0.12810766]
 [0.1370967  0.1374195  0.17656821 0.14041375 0.15557755 0.15703229
  0.15006592 0.1505343  0.17338311 0.16464545 0.1407093  0.16161362
  0.15060437 0.15950716 0.14453835 0.16172628 0.16283229 0.16012395
  0.13362591 0.13456016]
 [0.17622548 0.17499669 0.16989417 0.17510885 0.17067261 0.20013736
  0.14814046 0.19090811 0.16802562 0.17292789 0.20756761 0.16695375
  0.16691345 0.16257308 0.21178872 0.15826652 0.18387622 0.17653039
  0.16333471 0.16322029]
 [0.18222528 0.20697372 0.18788058 0.170827   0.19228112 0.16017255
  0.16973232 0.17824062 0.17348261 0.18044537 0.16874702 0.17115318
  0.16498935 0.17120854 0.16422955 0.18582164 0.16051306 0.16216126
  0.17329262 0.20059253]
 [0.17397077 0.15142211 0.17783943 0.15932693 0.1589365  0.17098513
  0.16159988 0.1465164  0.14569266 0.16614049 0.17131575 0.14622001
  0.16202931 0.14587521 0.17576757 0.14947188 0.14258216 0.14225633
  0.155267   0.17530108]
 [0.12059511 0.12228637 0.11446413 0.11343445 0.12807481 0.13019998
  0.12522052 0.11323661 0.10872454 0.10904911 0.12758277 0.12762767
  0.12827468 0.1111316  0.1099117  0.14195886 0.11546972 0.1143184
  0.12490813 0.11924811]
 [0.09527168 0.08332521 0.08705313 0.08101836 0.09674721 0.08067753
  0.08579672 0.1001764  0.07745803 0.08587661 0.07834524 0.07459514
  0.08584508 0.09081453 0.08657535 0.09664241 0.08650269 0.08947515
  0.09727025 0.08500952]
 [0.0668389  0.06120861 0.07358548 0.05863626 0.06452378 0.06607031
  0.0556763  0.06880528 0.07054655 0.06023263 0.05916175 0.05315097
  0.066737   0.05777716 0.06371219 0.07205418 0.06425748 0.06343885
  0.07298541 0.06196689]
 [0.04442828 0.04385755 0.03888289 0.04041951 0.04101627 0.03762365
  0.04061311 0.04519629 0.0466751  0.04179016 0.04060807 0.04232526
  0.04166267 0.04878891 0.04406285 0.0425834  0.04243388 0.03879841
  0.03673455 0.04317885]]

-std dev fidelity susceptibility / L
[0.00785247 0.00857518 0.01240838 0.01586976 0.01274669 0.01197649
 0.00863487 0.00697389 0.00560323 0.00289807]