L=6

Folding function 
<function cnot_folding at 0x7fa8a9820160>

Scale factors 
[1. 3.]

Ground state params 
[[-9.85333174e-02  4.31523172e-01 -1.93106168e-02  1.00464755e+00
   1.72535028e+00  1.45492472e+00 -1.31673185e-01]
 [-9.06117391e-02  3.79789670e-01  2.10434422e-02  8.90691817e-01
   1.69310565e+00  1.37694493e+00 -1.60378108e-01]
 [-7.25581609e-02  3.25295130e-01  6.19369327e-02  7.75448445e-01
   1.65364444e+00  1.27177787e+00 -1.91265250e-01]
 [-4.77764482e-02  2.72010645e-01  9.83234690e-02  6.60285966e-01
   1.60659525e+00  1.14174261e+00 -2.25079025e-01]
 [-2.17818800e-02  2.24016059e-01  1.25084885e-01  5.49209011e-01
   1.55371728e+00  9.95891956e-01 -2.62261846e-01]
 [ 9.34701687e-06  1.83792558e-01  1.39554691e-01  4.47963691e-01
   1.49949265e+00  8.48087027e-01 -3.02678547e-01]
 [ 1.48359777e-02  1.51517094e-01  1.42752850e-01  3.61392873e-01
   1.44941582e+00  7.11575062e-01 -3.45508552e-01]
 [ 2.29950669e-02  1.25926211e-01  1.38121438e-01  2.91204944e-01
   1.40736978e+00  5.94061852e-01 -3.89587480e-01]
 [ 2.63104879e-02  1.05516548e-01  1.29287328e-01  2.36155521e-01
   1.37463078e+00  4.97228373e-01 -4.33814250e-01]
 [ 2.66755268e-02  8.90795407e-02  1.18848922e-01  1.93585133e-01
   1.35054667e+00  4.19126180e-01 -4.77303479e-01]]

-second energy derivatives / L
[[0.63209322 0.63238614 0.61634081 0.59129142 0.62219224 0.60216021
  0.60859577 0.6312197  0.59212965 0.5770918  0.58614303 0.57071682
  0.62711309 0.5913489  0.59271989 0.66058024 0.57990851 0.60034181
  0.61557151 0.59851109]
 [0.67963977 0.65460359 0.70359613 0.69590743 0.67516399 0.68289265
  0.72663515 0.70258911 0.66017907 0.69056662 0.76237507 0.67711448
  0.71619869 0.69914295 0.70059729 0.67882336 0.71539412 0.692339
  0.70525303 0.69252856]
 [0.79199785 0.78484394 0.81186029 0.77072008 0.8135636  0.7366766
  0.82446265 0.8145785  0.76731909 0.82417668 0.79544867 0.75392695
  0.79121336 0.76051498 0.79145627 0.78704453 0.74856507 0.75102708
  0.78149886 0.79629455]
 [0.86262453 0.84258778 0.837333   0.787563   0.85796703 0.81676378
  0.80755501 0.84025095 0.8542029  0.86260279 0.76573186 0.80790082
  0.88776122 0.87164411 0.79586375 0.81714286 0.78056147 0.8410388
  0.82659294 0.83289264]
 [0.74238976 0.77789879 0.79616081 0.82340421 0.79030385 0.77476366
  0.77896839 0.78499679 0.78171948 0.77429566 0.88060901 0.82537615
  0.82110881 0.74078847 0.77481269 0.81853993 0.80943353 0.81785388
  0.8178239  0.81559084]
 [0.72627085 0.74714174 0.73111738 0.69704169 0.71640643 0.79835076
  0.74408962 0.74080846 0.76300174 0.70444179 0.74068433 0.74807122
  0.76685866 0.76319433 0.71878769 0.72968755 0.73605865 0.7168978
  0.72380376 0.73605987]
 [0.59042927 0.60283662 0.62690357 0.5867377  0.59301324 0.59578124
  0.58117567 0.58418874 0.60348417 0.613457   0.59784182 0.60399834
  0.57995353 0.65316136 0.58404136 0.60595509 0.59156496 0.61797303
  0.60422076 0.62303951]
 [0.48764624 0.47350436 0.46875892 0.47614929 0.48897908 0.46464461
  0.49050601 0.47122996 0.45564999 0.48335325 0.46181866 0.47289167
  0.4854487  0.47377451 0.49605346 0.47623199 0.47902394 0.49066295
  0.46940271 0.50420394]
 [0.38053826 0.3701586  0.3507343  0.36373249 0.36055834 0.34192472
  0.32977344 0.3524918  0.35153599 0.37916765 0.35567948 0.36698144
  0.35718799 0.35753256 0.34783135 0.39074986 0.36360433 0.36474321
  0.36461768 0.37577243]
 [0.29657773 0.28953893 0.29456811 0.28938855 0.29151155 0.27081593
  0.41442037 0.29030902 0.2877636  0.28607531 0.28944363 0.27751919
  0.28343861 0.28661657 0.30317587 0.28306527 0.29459524 0.28985204
  0.29815584 0.30326176]]

-std dev second energy derivatives / L
[0.02231594 0.02336615 0.02528321 0.03154186 0.03135426 0.02292738
 0.01770041 0.01191375 0.01380119 0.02820519]

-fidelity susceptibility / L
[[0.10526202 0.10370557 0.10316601 0.09327406 0.10242043 0.09930634
  0.09594707 0.1060366  0.09444613 0.0915132  0.09493551 0.089006
  0.10543107 0.09549362 0.09486022 0.11362139 0.09030239 0.09897131
  0.10495135 0.09664627]
 [0.12626755 0.11702931 0.1277149  0.12349197 0.11890103 0.12145081
  0.1353803  0.12995875 0.11731023 0.12425879 0.14310257 0.12589173
  0.13153267 0.12733736 0.12585653 0.12053712 0.14152373 0.12824625
  0.1321401  0.1261983 ]
 [0.16427954 0.16149735 0.16647616 0.15372515 0.16923935 0.14177894
  0.17197024 0.17300927 0.15133368 0.17017041 0.16698843 0.15406934
  0.15804502 0.14877576 0.15868426 0.15986179 0.14890777 0.15359399
  0.16122031 0.16422743]
 [0.19677259 0.18134718 0.18255238 0.16728966 0.19160209 0.167489
  0.16925958 0.1847375  0.19025906 0.18975778 0.15606106 0.17630321
  0.18957583 0.20420771 0.16483381 0.17119523 0.16210361 0.18739602
  0.178198   0.18264604]
 [0.15665373 0.17336643 0.17465884 0.18173923 0.16418908 0.1635179
  0.16560839 0.16488758 0.16836675 0.15938649 0.20851793 0.18522483
  0.18034548 0.15038416 0.16882156 0.18335854 0.16995092 0.18105913
  0.17587211 0.18208452]
 [0.1547558  0.15975346 0.15924211 0.14194186 0.15152413 0.18001941
  0.15960171 0.15856634 0.16979197 0.14334021 0.15516357 0.16016006
  0.17156546 0.16743601 0.14315311 0.15211064 0.15119278 0.15218017
  0.15844847 0.16023148]
 [0.11706218 0.11952178 0.13096644 0.11726802 0.11599384 0.1181695
  0.11043964 0.11377556 0.12001159 0.1232972  0.11553642 0.12344365
  0.11109335 0.1393666  0.11819994 0.1205922  0.11590744 0.12275983
  0.11914425 0.12476852]
 [0.08936855 0.08371786 0.0863994  0.08652292 0.08937597 0.08378683
  0.09095814 0.08312579 0.07701413 0.08974595 0.08189873 0.08882037
  0.0903739  0.08653855 0.09064892 0.08559814 0.08488487 0.08819961
  0.0832439  0.09555095]
 [0.06220176 0.05885131 0.05459564 0.05821196 0.05738449 0.05515988
  0.05166404 0.05474355 0.05414165 0.06341031 0.05595371 0.05831134
  0.05698982 0.05701745 0.05414301 0.06549489 0.05903625 0.05835765
  0.05638181 0.0616713 ]
 [0.04403907 0.04283924 0.04313825 0.04373383 0.04394779 0.03745672
  0.12126754 0.04168212 0.04058873 0.04222833 0.04367462 0.03877278
  0.04198035 0.04157482 0.04688079 0.04100353 0.04268733 0.041147
  0.04537085 0.04569847]]

-std dev fidelity susceptibility / L
[0.00623087 0.0069011  0.0083937  0.01232023 0.01246441 0.00942893
 0.0064585  0.00399584 0.00336165 0.01729325]