L=4

Folding function 
<function cnot_folding at 0x7f71c8c3c160>

Scale factors 
[1. 3. 5. 7.]

Ground state params 
[[ 1.970773    1.00812676 -0.27301656]
 [ 1.92755678  0.92711963 -0.3554931 ]
 [ 1.88041609  0.84162129 -0.43494668]
 [ 1.83191742  0.75486221 -0.50965506]
 [ 1.78443103  0.67047171 -0.57818917]
 [ 1.73971588  0.59156158 -0.63969004]
 [ 1.69880946  0.52015408 -0.69396629]
 [ 1.66207812  0.45709083 -0.74132779]
 [ 1.62948237  0.40230323 -0.78244287]
 [ 1.60070336  0.3551614  -0.81808127]]

-second energy derivatives / L
[[0.71941467 0.65829169 0.72077481 0.68455298 0.71484882 0.6925431
  0.69465589 0.68830389 0.68777815 0.74459502 0.74818728 0.66184864
  0.72991447 0.69418828 0.74175082 0.73757155 0.75761148 0.65912421
  0.70816154 0.76155566]
 [0.73167672 0.77328081 0.77971456 0.75050542 0.84972432 0.73506622
  0.77429228 0.7419156  0.76271074 0.7381387  0.76208107 0.75884942
  0.73423869 0.74271849 0.86101379 0.7566681  0.79116011 0.75538947
  0.77139139 0.67391781]
 [0.74599538 0.71265639 0.74762757 0.82502531 0.77529848 0.74599721
  0.76757611 0.77787393 0.78347673 0.76976167 0.69602954 0.77599631
  0.8064663  0.76737939 0.81128171 0.78964951 0.79920037 0.73020919
  0.77031204 0.77852381]
 [0.75535344 0.73181327 0.78591335 0.82211932 0.73988559 0.8003024
  0.72350365 0.74707103 0.77895686 0.74694716 0.68510517 0.74971289
  0.75230844 0.6731064  0.7851551  0.77879546 0.82599775 0.77898098
  0.73800016 0.74240494]
 [0.66261205 0.68240645 0.72023189 0.70550454 0.73012034 0.68159764
  0.68720223 0.81480057 0.71040164 0.70463315 0.64657346 0.70533343
  0.66757109 0.67265615 0.66358157 0.68679326 0.63763194 0.79091078
  0.68300376 0.65552836]
 [0.62003162 0.63581003 0.62155356 0.61731846 0.59992004 0.55159362
  0.61033171 0.61150503 0.59029569 0.596328   0.59688879 0.60896293
  0.59826208 0.61691483 0.57785096 0.58391822 0.59884264 0.66233915
  0.59958358 0.63057302]
 [0.48070522 0.50676451 0.52781506 0.49361964 0.47480639 0.47676773
  0.45722073 0.53956456 0.55950376 0.5128437  0.52580161 0.52174462
  0.53397835 0.46664161 0.43298499 0.53388478 0.49027929 0.54542262
  0.53798215 0.49075778]
 [0.43088054 0.40779567 0.43741394 0.40523543 0.41599942 0.4309926
  0.43499549 0.3868464  0.44197781 0.4046735  0.45441055 0.4522518
  0.42822053 0.39362068 0.43050379 0.45912463 0.39962234 0.45645665
  0.39372672 0.40474405]
 [0.32939576 0.37718162 0.38076994 0.37504627 0.33081454 0.32852258
  0.32225547 0.34999145 0.36514307 0.31388035 0.33714822 0.34955878
  0.34796617 0.36660185 0.30990238 0.32100089 0.34157296 0.34837588
  0.33409607 0.36200746]
 [0.3015634  0.29131233 0.2880346  0.27193784 0.28865233 0.29061499
  0.29871691 0.30619931 0.26031668 0.30212871 0.30290335 0.31132804
  0.27734957 0.27490309 0.28655587 0.25572978 0.2528762  0.26684088
  0.2588325  0.26186691]]

-std dev second energy derivatives / L
[0.03158936 0.03921879 0.03135429 0.03811363 0.04304437 0.02264842
 0.03289663 0.02238531 0.02078902 0.01811387]

-fidelity susceptibility / L
[[0.11403078 0.09611314 0.11691793 0.1064249  0.11898657 0.10540925
  0.11085554 0.10315687 0.10902854 0.1233215  0.12481484 0.10173594
  0.11918445 0.10772935 0.12483273 0.11887178 0.12190075 0.09949448
  0.11512423 0.12163757]
 [0.11877186 0.12492398 0.12923898 0.12614355 0.15079103 0.10992308
  0.13283783 0.1207878  0.12776791 0.12232893 0.1302742  0.13358399
  0.11773355 0.12334149 0.15345356 0.12577009 0.1401432  0.11937521
  0.12691115 0.10250723]
 [0.12169085 0.11332875 0.12252281 0.14148649 0.12614994 0.12753129
  0.13365913 0.12625263 0.13193169 0.13116791 0.11214425 0.13075809
  0.14029509 0.12627085 0.14330189 0.13378403 0.13881242 0.12131256
  0.13093928 0.13031124]
 [0.12338025 0.11787351 0.13848556 0.15720152 0.11914316 0.14303745
  0.11403489 0.13409844 0.13487717 0.1277607  0.10772243 0.12406534
  0.12701701 0.10370826 0.13659109 0.13234663 0.16131617 0.13585123
  0.12586619 0.12220616]
 [0.10468628 0.1088508  0.11545217 0.11849257 0.12951959 0.11091585
  0.11528756 0.14497527 0.11053807 0.11864976 0.10277955 0.11718459
  0.10769264 0.10433235 0.10461012 0.11774688 0.10637011 0.13663389
  0.11298112 0.09875158]
 [0.09809896 0.1051261  0.10198794 0.09801872 0.09694476 0.08941596
  0.09721299 0.09541226 0.08849648 0.09751084 0.08947414 0.09954621
  0.0888606  0.09794887 0.08766122 0.08797673 0.09480078 0.10638735
  0.10165513 0.10845677]
 [0.07158916 0.07581833 0.08269433 0.07601765 0.06683477 0.07086829
  0.06497411 0.08340546 0.09253099 0.07416724 0.08455745 0.07620993
  0.08018554 0.06125964 0.05896023 0.07676395 0.0727016  0.08804033
  0.08302088 0.07216585]
 [0.06523613 0.0589709  0.06144255 0.05444559 0.05524334 0.0628555
  0.06247415 0.05199284 0.06432119 0.0559703  0.0691114  0.06375482
  0.0610551  0.05357309 0.06467485 0.06647111 0.05519076 0.06623615
  0.05423912 0.05542679]
 [0.04269177 0.05084971 0.05172662 0.0500624  0.04343902 0.04026874
  0.03899905 0.04837622 0.04714929 0.04058458 0.04358432 0.04752293
  0.04843318 0.04905152 0.03904645 0.04056879 0.0436651  0.05051347
  0.04277651 0.04900159]
 [0.03653605 0.03605431 0.03401265 0.03077896 0.03337122 0.03368993
  0.03722938 0.03879816 0.02967984 0.03857212 0.03614859 0.04305796
  0.03351006 0.03411034 0.03388152 0.02903287 0.02888196 0.03217458
  0.02839575 0.02991041]]

-std dev fidelity susceptibility / L
[0.00868845 0.01165184 0.0082449  0.01406328 0.01130072 0.00619092
 0.00849681 0.00508114 0.00417195 0.00376538]