L=6

Folding function 
None

Scale factors 
None

Ground state params 
[[-9.85333174e-02  4.31523172e-01 -1.93106168e-02  1.00464755e+00
   1.72535028e+00  1.45492472e+00 -1.31673185e-01]
 [-9.06117391e-02  3.79789670e-01  2.10434422e-02  8.90691817e-01
   1.69310565e+00  1.37694493e+00 -1.60378108e-01]
 [-7.25581609e-02  3.25295130e-01  6.19369327e-02  7.75448445e-01
   1.65364444e+00  1.27177787e+00 -1.91265250e-01]
 [-4.77764482e-02  2.72010645e-01  9.83234690e-02  6.60285966e-01
   1.60659525e+00  1.14174261e+00 -2.25079025e-01]
 [-2.17818800e-02  2.24016059e-01  1.25084885e-01  5.49209011e-01
   1.55371728e+00  9.95891956e-01 -2.62261846e-01]
 [ 9.34701687e-06  1.83792558e-01  1.39554691e-01  4.47963691e-01
   1.49949265e+00  8.48087027e-01 -3.02678547e-01]
 [ 1.48359777e-02  1.51517094e-01  1.42752850e-01  3.61392873e-01
   1.44941582e+00  7.11575062e-01 -3.45508552e-01]
 [ 2.29950669e-02  1.25926211e-01  1.38121438e-01  2.91204944e-01
   1.40736978e+00  5.94061852e-01 -3.89587480e-01]
 [ 2.63104879e-02  1.05516548e-01  1.29287328e-01  2.36155521e-01
   1.37463078e+00  4.97228373e-01 -4.33814250e-01]
 [ 2.66755268e-02  8.90795407e-02  1.18848922e-01  1.93585133e-01
   1.35054667e+00  4.19126180e-01 -4.77303479e-01]]

-second energy derivatives / L
[[0.60803928 0.60084073 0.61930836 0.61038008 0.59310209 0.62160107
  0.6255427  0.65170875 0.59859211 0.62563986 0.62037603 0.592071
  0.59436612 0.62625058 0.60464219 0.62008105 0.63135827 0.61590347
  0.61521968 0.61876128]
 [0.69452992 0.71814511 0.68838334 0.69344255 0.69185194 0.69187134
  0.71516474 0.6897164  0.70670828 0.69123992 0.70626169 0.70277401
  0.69549134 0.68369655 0.67450767 0.68444288 0.69582251 0.71498144
  0.70130404 0.67442443]
 [0.79543895 0.75953125 0.78660531 0.76474579 0.75870708 0.77919933
  0.78467336 0.78212711 0.80359446 0.80445855 0.74616906 0.78419304
  0.76027289 0.80375344 0.8231911  0.77015808 0.77795169 0.74394418
  0.79365688 0.79462182]
 [0.82342661 0.86019799 0.8501588  0.823353   0.85140419 0.8270858
  0.82263356 0.82044253 0.7876604  0.80166962 0.82835561 0.80766664
  0.81939258 0.84204488 0.85356764 0.82034581 0.80369444 0.82856406
  0.85141344 0.79415226]
 [0.84719365 0.81825604 0.83304397 0.81512537 0.81549204 0.80124911
  0.79795374 0.82548572 0.82050855 0.81167542 0.81172008 0.8003079
  0.82299865 0.79863704 0.83353427 0.794551   0.79932241 0.807222
  0.88315665 0.80535752]
 [0.70721657 0.73505584 0.72121144 0.71821826 0.75295413 0.74101315
  0.70325643 0.69120151 0.69583127 0.74415158 0.73390765 0.6994785
  0.71511651 0.73960981 0.71767152 0.74425942 0.71732567 0.74710897
  0.72844755 0.71186829]
 [0.6153499  0.62805934 0.60681965 0.6190542  0.60053409 0.59170518
  0.61322801 0.62195602 0.59868493 0.5949213  0.60741033 0.6120074
  0.59024574 0.61270101 0.59659837 0.59920444 0.58675961 0.61044595
  0.60814431 0.60800617]
 [0.46202649 0.49842281 0.47402788 0.47315026 0.47559165 0.48381829
  0.47839495 0.48076131 0.47175965 0.45143437 0.4910325  0.46534147
  0.48571634 0.46862629 0.47103568 0.49771831 0.48132    0.48452623
  0.47036465 0.48884445]
 [0.37327632 0.35893982 0.36835283 0.36537666 0.36004814 0.38064924
  0.36327286 0.35521488 0.37640504 0.3816628  0.3635524  0.37222019
  0.3514684  0.38174905 0.37517016 0.38138211 0.37655414 0.36507832
  0.37616129 0.36053991]
 [0.28967908 0.29503602 0.28040656 0.27281545 0.2926194  0.28280325
  0.28472403 0.27864836 0.27409736 0.2970963  0.28526175 0.28220089
  0.29939758 0.27193706 0.28589809 0.29185393 0.28346464 0.29214002
  0.28672159 0.27962767]]

-std dev second energy derivatives / L
[0.01444609 0.01201327 0.02041676 0.02014447 0.02034323 0.0180072
 0.0107856  0.01150243 0.00916794 0.00767261]

-fidelity susceptibility / L
[[0.09783288 0.095301   0.09958431 0.09907884 0.09397616 0.10152367
  0.10104698 0.10940901 0.09506296 0.10027997 0.10172434 0.09304262
  0.0951283  0.10232069 0.09945079 0.10330273 0.10399552 0.09934401
  0.09822771 0.10160836]
 [0.1254588  0.13558411 0.12615943 0.12163584 0.12275393 0.12529571
  0.13042214 0.12266137 0.12750878 0.1283313  0.13013969 0.13074996
  0.12881667 0.12074502 0.12078396 0.12740214 0.12555871 0.13359184
  0.12571679 0.11993889]
 [0.1669577  0.15174701 0.16147605 0.15305059 0.1461797  0.15860915
  0.16179867 0.15698683 0.16229151 0.1657251  0.14688975 0.16050015
  0.15075026 0.17273751 0.17615858 0.15104126 0.15654032 0.14328619
  0.16378934 0.16393751]
 [0.17299096 0.19412535 0.18791022 0.17587529 0.18887541 0.17943754
  0.17541352 0.17542859 0.16438454 0.16923352 0.18389308 0.16928508
  0.18189018 0.18031898 0.19098989 0.17325793 0.17163981 0.18111819
  0.18715379 0.16706812]
 [0.19500744 0.18257386 0.18608461 0.17780742 0.17276774 0.16868487
  0.17111429 0.17925793 0.18783401 0.18324967 0.17938963 0.169787
  0.18926635 0.17443487 0.18842389 0.16747564 0.16918631 0.17631037
  0.20784747 0.17303712]
 [0.146629   0.15234311 0.15227218 0.14865942 0.16377671 0.16414297
  0.14521281 0.13692784 0.14215271 0.16268022 0.15654244 0.14371173
  0.14698043 0.16166863 0.151856   0.15862622 0.1509946  0.16561419
  0.15241235 0.15168741]
 [0.12195876 0.12492985 0.12207761 0.12086927 0.11870511 0.11911527
  0.12231895 0.12722602 0.12111238 0.12019585 0.12109728 0.1255438
  0.11470328 0.12379923 0.1148808  0.11906492 0.11563186 0.12210838
  0.12195368 0.12420569]
 [0.08252436 0.09144767 0.08411101 0.08416718 0.08450039 0.08796397
  0.08544473 0.0889017  0.08606813 0.08068847 0.09281069 0.08202716
  0.0894687  0.08290235 0.08607948 0.09265286 0.08666105 0.08784175
  0.08357622 0.09073739]
 [0.06198345 0.05915278 0.05978693 0.05906935 0.05766879 0.06540433
  0.0564116  0.05646701 0.06350255 0.06423582 0.05971576 0.05942641
  0.05424045 0.06398593 0.06097486 0.06410813 0.06045466 0.0600081
  0.06114689 0.05742593]
 [0.04348828 0.04445129 0.03942201 0.0390389  0.04371453 0.0406506
  0.04148035 0.03967845 0.03874113 0.04595743 0.04150822 0.04165569
  0.04527763 0.03768911 0.04154405 0.04351195 0.03999628 0.04294087
  0.0404605  0.04102427]]

-std dev fidelity susceptibility / L
[0.00381103 0.00421575 0.00851203 0.00822895 0.0100232  0.00786793
 0.00330129 0.00350966 0.00291446 0.00221049]