L=6

Folding function 
<function cnot_folding at 0x7fc9b5dc0160>

Scale factors 
[1. 3. 5. 7.]

Ground state params 
[[-9.85333174e-02  4.31523172e-01 -1.93106168e-02  1.00464755e+00
   1.72535028e+00  1.45492472e+00 -1.31673185e-01]
 [-9.06117391e-02  3.79789670e-01  2.10434422e-02  8.90691817e-01
   1.69310565e+00  1.37694493e+00 -1.60378108e-01]
 [-7.25581609e-02  3.25295130e-01  6.19369327e-02  7.75448445e-01
   1.65364444e+00  1.27177787e+00 -1.91265250e-01]
 [-4.77764482e-02  2.72010645e-01  9.83234690e-02  6.60285966e-01
   1.60659525e+00  1.14174261e+00 -2.25079025e-01]
 [-2.17818800e-02  2.24016059e-01  1.25084885e-01  5.49209011e-01
   1.55371728e+00  9.95891956e-01 -2.62261846e-01]
 [ 9.34701687e-06  1.83792558e-01  1.39554691e-01  4.47963691e-01
   1.49949265e+00  8.48087027e-01 -3.02678547e-01]
 [ 1.48359777e-02  1.51517094e-01  1.42752850e-01  3.61392873e-01
   1.44941582e+00  7.11575062e-01 -3.45508552e-01]
 [ 2.29950669e-02  1.25926211e-01  1.38121438e-01  2.91204944e-01
   1.40736978e+00  5.94061852e-01 -3.89587480e-01]
 [ 2.63104879e-02  1.05516548e-01  1.29287328e-01  2.36155521e-01
   1.37463078e+00  4.97228373e-01 -4.33814250e-01]
 [ 2.66755268e-02  8.90795407e-02  1.18848922e-01  1.93585133e-01
   1.35054667e+00  4.19126180e-01 -4.77303479e-01]]

-second energy derivatives / L
[[0.73122437 0.71776549 0.69469495 0.66109903 0.61339844 0.58118679
  0.73721657 0.62124592 0.59490717 0.6273091  0.53209546 0.58228515
  0.60097167 0.6239926  0.61123643 0.63903246 0.57645126 0.66643503
  0.56748607 0.73067844]
 [0.74770653 0.82891907 0.5458782  0.74665167 0.64055796 0.67341287
  0.68987537 0.63894341 0.66105135 0.66003448 0.68665164 0.65997573
  0.65564246 0.70328168 0.65514441 0.62314707 0.65855949 0.69644678
  0.74202035 0.75826847]
 [0.77156814 0.72481206 0.75623044 0.80465287 0.85316568 0.7989939
  0.78170753 0.7277432  0.81853022 0.83560319 0.75755395 0.74655132
  0.68339645 0.83889629 0.79052767 0.64542829 0.79336142 0.82970892
  0.7428873  0.76226549]
 [0.83112392 0.79128986 0.92388171 0.81077082 0.7608861  0.88235519
  0.79863657 0.8107099  0.7942612  0.85587234 0.76447412 0.8201836
  0.84654387 0.88793073 0.85424093 0.88896773 0.80328814 0.90770393
  0.83276983 0.77009336]
 [0.76509904 0.8028704  0.81269574 0.7793257  0.79504232 0.87758215
  0.76974182 0.86284147 0.81579517 0.74558886 0.93962516 0.77122505
  0.8257466  0.73762954 0.6677769  0.8377581  0.85032207 0.98258223
  0.83451394 0.79239743]
 [0.73912281 0.75026097 0.71476718 0.70650845 0.62252562 0.73177165
  0.82643128 0.83153622 0.71348036 0.74373346 0.71239193 0.71950619
  0.73044168 0.69440633 0.69808755 0.67031263 0.7302568  0.7953717
  0.77210311 0.82102545]
 [0.56021654 0.56511974 0.58740294 0.58922766 0.61509039 0.58257971
  0.59111929 0.5801994  0.6167545  0.55445958 0.53711564 0.62872929
  0.58138369 0.66256091 0.68635952 0.66336881 0.64812654 0.65107781
  0.57722141 0.63494097]
 [0.44595911 0.47373739 0.44122007 0.47969722 0.55362828 0.47887312
  0.49365604 0.45521024 0.42853325 0.49899194 0.47736182 0.45386296
  0.49107293 0.49338081 0.45041584 0.48410805 0.51434854 0.47566668
  0.44494773 0.5043343 ]
 [0.39302179 0.38457632 0.34840648 0.34786648 0.37969254 0.38812194
  0.3776217  0.3794164  0.41044998 0.38481531 0.39292728 0.36005048
  0.3658677  0.40249499 0.40227491 0.37590143 0.39209658 0.40601231
  0.37687781 0.33948164]
 [0.26496789 0.28707938 0.26549375 0.28149622 0.27683262 0.27030229
  0.34391541 0.28709606 0.25995019 0.30356863 0.26075592 0.27272767
  0.28045562 0.27088234 0.37393881 0.27932714 0.29536629 0.33054265
  0.2807473  0.32950276]]

-std dev second energy derivatives / L
[0.05889461 0.05882386 0.05165679 0.04683542 0.06829842 0.05134802
 0.040602   0.02885496 0.01936331 0.02995744]

-fidelity susceptibility / L
[[0.13951233 0.13285148 0.1169838  0.11663419 0.10312721 0.09140142
  0.1325415  0.10221732 0.09834142 0.09991039 0.07888329 0.09838427
  0.0944187  0.09981181 0.10129944 0.10098607 0.09095707 0.11514714
  0.08783629 0.12955434]
 [0.14923535 0.16760977 0.0893894  0.13810838 0.11088988 0.12989152
  0.12289125 0.11227612 0.11104958 0.11466319 0.13438863 0.11616898
  0.10456535 0.12612434 0.11236192 0.11379986 0.11854589 0.13366603
  0.14075997 0.14846489]
 [0.14960084 0.13981363 0.15635615 0.16119172 0.18821997 0.15858186
  0.16168128 0.13926894 0.14816951 0.16548408 0.16205114 0.13633911
  0.13044713 0.16785283 0.16391507 0.11339545 0.16824385 0.18766433
  0.14217974 0.15039928]
 [0.17750057 0.17275539 0.22941266 0.18678614 0.17322599 0.20793497
  0.16528591 0.17156225 0.16053398 0.18648703 0.15401557 0.17681096
  0.18521223 0.20699542 0.18298131 0.21686515 0.16779511 0.2071389
  0.17886612 0.15449248]
 [0.16551972 0.17725027 0.18294754 0.17323371 0.16242126 0.1971015
  0.15873752 0.19934158 0.17045561 0.16554404 0.22874501 0.16487206
  0.18790498 0.15106599 0.12475632 0.17855239 0.19901325 0.26817779
  0.17870605 0.16848047]
 [0.16204186 0.16643399 0.15521481 0.15350955 0.11239179 0.15336584
  0.18427661 0.18657025 0.15213304 0.15606548 0.13689293 0.15898608
  0.14894104 0.15724284 0.15568984 0.13430217 0.15231616 0.18716066
  0.16190326 0.18649669]
 [0.09812541 0.1021989  0.11635144 0.11237853 0.12415209 0.11253069
  0.11318516 0.1154968  0.12559874 0.10327235 0.09703631 0.12989382
  0.1129403  0.14009608 0.14532532 0.13758743 0.12833713 0.13304868
  0.10810773 0.14214809]
 [0.07587093 0.08547624 0.07634951 0.0914794  0.09872297 0.09132862
  0.09380645 0.07879177 0.07430593 0.09157864 0.0871559  0.08773029
  0.08470219 0.09189169 0.08055214 0.08692086 0.09293135 0.08847064
  0.07240633 0.08757522]
 [0.0710604  0.06868808 0.05523423 0.05547189 0.06351074 0.06357928
  0.06204444 0.06125944 0.07690915 0.06469163 0.06362267 0.05610621
  0.05836097 0.06332396 0.06561827 0.06004024 0.06564075 0.065989
  0.06665981 0.05709176]
 [0.03708089 0.04090339 0.03435406 0.0397771  0.04116723 0.03833661
  0.07925016 0.04195517 0.03648455 0.04186507 0.0378943  0.03844735
  0.03899607 0.04038679 0.15680316 0.03983563 0.04026877 0.05649236
  0.04841793 0.0498537 ]]

-std dev fidelity susceptibility / L
[0.01630261 0.01777395 0.01769906 0.0202875  0.02900759 0.01812134
 0.01452375 0.00710474 0.00530721 0.026554  ]