L=4

Folding function 
<function unitary_folding at 0x7ff39c698e50>

Scale factors 
[1. 3. 5. 7. 9.]

Ground state params 
[[ 1.970773    1.00812676 -0.27301656]
 [ 1.92755678  0.92711963 -0.3554931 ]
 [ 1.88041609  0.84162129 -0.43494668]
 [ 1.83191742  0.75486221 -0.50965506]
 [ 1.78443103  0.67047171 -0.57818917]
 [ 1.73971588  0.59156158 -0.63969004]
 [ 1.69880946  0.52015408 -0.69396629]
 [ 1.66207812  0.45709083 -0.74132779]
 [ 1.62948237  0.40230323 -0.78244287]
 [ 1.60070336  0.3551614  -0.81808127]]

-second energy derivatives / L
[[0.77642065 0.78136514 0.74143745 0.72919125 0.78926472 0.71763051
  0.71020697 0.71412422 0.68869175 0.72870648 0.6117978  0.67162408
  0.61979205 0.66631592 0.71589219 0.71530558 0.78673151 0.65744261
  0.7032757  0.71039311]
 [0.8661161  0.90244831 0.80741775 0.83882086 0.74478119 0.81361547
  0.91903417 0.74930166 0.77692541 0.69761705 0.82711415 0.78765708
  0.67772776 0.88379916 0.78342747 0.76325288 0.8808401  0.76126091
  0.80583639 0.72422395]
 [0.66201278 0.72811119 0.74434231 0.88381368 0.80459323 0.72502371
  0.82784227 0.84640037 0.74794815 0.77504846 0.81070757 0.68223307
  0.76282007 0.75393248 0.89237039 0.81768819 0.77109512 0.79882177
  0.84770005 0.81777986]
 [0.84872952 0.73038765 0.65958733 0.70173594 0.62440174 0.81068201
  0.82088524 0.77897367 0.69437466 0.79955141 0.70264092 0.70195702
  0.84616503 0.68998523 0.69069356 0.7561355  0.76123924 0.70916261
  0.68668839 0.72974788]
 [0.70353827 0.60577921 0.5932079  0.59105743 0.64629698 0.61324176
  0.64359615 0.59471868 0.5657971  0.84846008 0.62156101 0.67634084
  0.67740759 0.59591968 0.65834803 0.63360525 0.66079016 0.70963627
  0.71046182 0.69269662]
 [0.64599905 0.56358301 0.53979253 0.59942748 0.55649809 0.64714484
  0.59175465 0.58708968 0.60418624 0.65384273 0.60855736 0.5406726
  0.65506042 0.52486945 0.56857009 0.6084485  0.63052799 0.61389016
  0.55120824 0.56680289]
 [0.60691328 0.48044977 0.50958979 0.49754608 0.45891353 0.45457529
  0.56720885 0.45789516 0.52038037 0.57269232 0.45575692 0.58859003
  0.47823371 0.57063457 0.49481986 0.45880178 0.51958541 0.46605576
  0.49739992 0.51586037]
 [0.39658525 0.43885244 0.39455446 0.40462009 0.40500272 0.41993823
  0.44100133 0.432102   0.5530212  0.41235031 0.40988483 0.36456434
  0.45201385 0.48829019 0.46853546 0.3750666  0.43432932 0.42458413
  0.39885085 0.36076906]
 [0.35353118 0.32885932 0.35377838 0.34273419 0.31772995 0.37302475
  0.26503787 0.34202575 0.37901996 0.32059002 0.331368   0.32142051
  0.34236353 0.40703243 0.37027858 0.32223217 0.35967563 0.36821857
  0.30558784 0.37208901]
 [0.23888478 0.29237458 0.28251704 0.23216732 0.24124562 0.25268254
  0.23721958 0.28125343 0.29491053 0.25265631 0.24580902 0.27790087
  0.27837479 0.29252103 0.28424801 0.26173754 0.2876465  0.3137616
  0.29245265 0.25022361]]

-std dev second energy derivatives / L
[0.04892875 0.06546323 0.05979296 0.06139667 0.06206375 0.03953506
 0.04741355 0.04329732 0.03071558 0.02336613]

-fidelity susceptibility / L
[[0.13003282 0.13342    0.11889287 0.11895547 0.12585123 0.1150332
  0.10138321 0.10652722 0.10284753 0.10447449 0.09542223 0.10140567
  0.09096402 0.09619027 0.11532208 0.11852511 0.12507953 0.0991503
  0.10761063 0.10658968]
 [0.14845417 0.15403064 0.13661844 0.16370579 0.11990002 0.13578738
  0.16550866 0.12418991 0.14904095 0.10315935 0.147073   0.13390869
  0.10369141 0.17107291 0.12632503 0.12653079 0.17118491 0.12127986
  0.13223031 0.11844964]
 [0.10289823 0.10909913 0.11701999 0.15814501 0.13118238 0.11207228
  0.15511869 0.14325419 0.12202622 0.12843497 0.13494433 0.10487633
  0.13601565 0.12662814 0.17235361 0.14678026 0.12372164 0.13358119
  0.15888837 0.14609302]
 [0.15689697 0.12682058 0.11000326 0.12860157 0.09122834 0.13820162
  0.13289682 0.14190258 0.11200793 0.13032203 0.1192615  0.11303822
  0.15711006 0.11058416 0.11982119 0.13120122 0.12855684 0.10776304
  0.0983613  0.13087615]
 [0.11498946 0.09128728 0.08806266 0.08874101 0.09868158 0.09442004
  0.09676333 0.08648913 0.07911649 0.16721614 0.0913428  0.11352373
  0.11357649 0.09006877 0.09784528 0.10327551 0.1041838  0.11908081
  0.11436847 0.12572203]
 [0.11318961 0.08536759 0.08199118 0.09888062 0.07792066 0.10097704
  0.09460715 0.10090555 0.08886758 0.11434585 0.10582821 0.08429133
  0.11144805 0.07869502 0.09001273 0.09233559 0.09016699 0.09513391
  0.08672984 0.0806137 ]
 [0.10066758 0.06936502 0.07483493 0.06563958 0.06519806 0.05754612
  0.0899209  0.06381788 0.07373184 0.08827408 0.06528899 0.09546021
  0.06700992 0.08833178 0.06753278 0.06712593 0.08136246 0.06797688
  0.07838816 0.07127235]
 [0.04882075 0.06480683 0.05720419 0.05631281 0.05409867 0.05851648
  0.06084521 0.05511556 0.10861474 0.05494576 0.05403058 0.04581364
  0.06404237 0.0823877  0.07051596 0.04996371 0.06244769 0.06103733
  0.05797059 0.05037828]
 [0.05579049 0.0381567  0.05345009 0.04406375 0.03961266 0.04435316
  0.02914441 0.04101745 0.04869886 0.04352906 0.04114732 0.03510099
  0.04406676 0.06410645 0.05314462 0.03522495 0.04851038 0.05168481
  0.03971287 0.04975182]
 [0.02859619 0.03463709 0.0332664  0.02644529 0.02436561 0.03096895
  0.04826085 0.03466248 0.03666757 0.03167441 0.02823243 0.03394749
  0.03462091 0.03516741 0.03487405 0.02911261 0.02887336 0.04224737
  0.03348749 0.02748726]]

-std dev fidelity susceptibility / L
[0.01193154 0.02009442 0.01877833 0.01679596 0.01903364 0.01105202
 0.01160126 0.01355282 0.00805072 0.00537173]