L=6

Folding function 
<function unitary_folding at 0x7ff128864e50>

Scale factors 
[1. 3.]

Ground state params 
[[-9.85333174e-02  4.31523172e-01 -1.93106168e-02  1.00464755e+00
   1.72535028e+00  1.45492472e+00 -1.31673185e-01]
 [-9.06117391e-02  3.79789670e-01  2.10434422e-02  8.90691817e-01
   1.69310565e+00  1.37694493e+00 -1.60378108e-01]
 [-7.25581609e-02  3.25295130e-01  6.19369327e-02  7.75448445e-01
   1.65364444e+00  1.27177787e+00 -1.91265250e-01]
 [-4.77764482e-02  2.72010645e-01  9.83234690e-02  6.60285966e-01
   1.60659525e+00  1.14174261e+00 -2.25079025e-01]
 [-2.17818800e-02  2.24016059e-01  1.25084885e-01  5.49209011e-01
   1.55371728e+00  9.95891956e-01 -2.62261846e-01]
 [ 9.34701687e-06  1.83792558e-01  1.39554691e-01  4.47963691e-01
   1.49949265e+00  8.48087027e-01 -3.02678547e-01]
 [ 1.48359777e-02  1.51517094e-01  1.42752850e-01  3.61392873e-01
   1.44941582e+00  7.11575062e-01 -3.45508552e-01]
 [ 2.29950669e-02  1.25926211e-01  1.38121438e-01  2.91204944e-01
   1.40736978e+00  5.94061852e-01 -3.89587480e-01]
 [ 2.63104879e-02  1.05516548e-01  1.29287328e-01  2.36155521e-01
   1.37463078e+00  4.97228373e-01 -4.33814250e-01]
 [ 2.66755268e-02  8.90795407e-02  1.18848922e-01  1.93585133e-01
   1.35054667e+00  4.19126180e-01 -4.77303479e-01]]

-second energy derivatives / L
[[0.61202611 0.60753534 0.62003538 0.6262008  0.59068068 0.61474838
  0.63397958 0.61564807 0.62746075 0.6175997  0.58677466 0.63521966
  0.59658414 0.59537175 0.65168059 0.60358015 0.63179815 0.60120656
  0.61102017 0.60552277]
 [0.67555853 0.67074625 0.71021162 0.68702452 0.73301883 0.70156571
  0.67388922 0.71080597 0.6772424  0.72078734 0.69963643 0.66475586
  0.67588342 0.72383133 0.71757177 0.72465744 0.70668749 0.70302907
  0.71987375 0.70582632]
 [0.79804727 0.79226866 0.74111023 0.80265982 0.76514919 0.80123093
  0.78161261 0.73869951 0.73555382 0.78956069 0.79119277 0.79249289
  0.72252258 0.75715307 0.75449461 0.7601374  0.7934644  0.82766081
  0.78657546 0.76588087]
 [0.80866381 0.76184978 0.86012417 0.80038378 0.7911293  0.88111945
  0.81309719 0.81522678 0.8039823  0.86871727 0.78051197 0.78115234
  0.82852964 0.85265274 0.85396133 0.83322069 0.83150088 0.83918068
  0.7765005  0.8246001 ]
 [0.79278391 0.7984972  0.86581399 0.83996471 0.84516176 0.75540685
  0.80845447 0.7849722  0.84436395 0.75668744 0.79480922 0.80970982
  0.8077657  0.85840098 0.86278912 0.81381301 0.80120109 0.84627199
  0.79684753 0.81430833]
 [0.67354034 0.72027611 0.73156972 0.75633581 0.72311711 0.7847908
  0.73460291 0.71090252 0.73444526 0.74597353 0.70173849 0.71427145
  0.71093068 0.7588459  0.80277889 0.74787491 0.75570056 0.73166779
  0.77221348 0.72468555]
 [0.61260218 0.64726117 0.59821497 0.59990401 0.62184986 0.61683458
  0.62120349 0.61584493 0.6147842  0.57122981 0.63489441 0.6301425
  0.61443575 0.54341039 0.63167637 0.58597366 0.59006104 0.61148869
  0.63520158 0.60224367]
 [0.47345186 0.48368545 0.47503843 0.47750114 0.49431707 0.49354539
  0.47470644 0.49477893 0.47692154 0.46369545 0.48128067 0.46734735
  0.51116907 0.46084934 0.49047242 0.49637832 0.50010447 0.49299013
  0.48403158 0.47700373]
 [0.39713788 0.37339273 0.37850928 0.36573875 0.35922498 0.37630086
  0.37403494 0.35630253 0.36071505 0.3776768  0.34156968 0.38075411
  0.36927465 0.37042256 0.36200305 0.35481439 0.36201606 0.40744488
  0.36280545 0.37443691]
 [0.27600328 0.28845027 0.2855468  0.27995403 0.28701073 0.2906858
  0.28727757 0.30485504 0.28840248 0.28580514 0.29381855 0.28326874
  0.28518363 0.27754813 0.30808672 0.28323705 0.27674059 0.29170119
  0.27268503 0.28382349]]

-std dev second energy derivatives / L
[0.01628141 0.02044275 0.02671182 0.03218805 0.03145979 0.02923335
 0.02359054 0.01271554 0.0143158  0.00854388]

-fidelity susceptibility / L
[[0.09984093 0.09725419 0.10018478 0.10501923 0.09255913 0.09667951
  0.10350897 0.09680127 0.10211421 0.10087139 0.09199658 0.1017424
  0.09728481 0.09859229 0.10783491 0.1000432  0.10290307 0.10086474
  0.09993661 0.09678619]
 [0.11593587 0.12453563 0.12929412 0.11749332 0.14040413 0.12692355
  0.11773039 0.13349061 0.12240313 0.1370637  0.13026391 0.11535805
  0.11866501 0.13790131 0.13141838 0.13308402 0.12722776 0.12943715
  0.13630676 0.13114673]
 [0.16424406 0.16063803 0.14600381 0.16477309 0.15425709 0.16229485
  0.15820557 0.14051883 0.14789707 0.16087544 0.16058497 0.15958244
  0.14020083 0.15259768 0.14782148 0.15760408 0.16479217 0.17198912
  0.1582305  0.15233946]
 [0.17097327 0.1620068  0.19005335 0.17110622 0.16829824 0.20219473
  0.17062511 0.17669973 0.16947474 0.1917928  0.16848158 0.1618711
  0.17119717 0.18857362 0.18662826 0.18657595 0.18977852 0.18048995
  0.16157881 0.17752422]
 [0.1749489  0.16528159 0.20077009 0.18739374 0.19638157 0.15421752
  0.17671945 0.16590284 0.18999901 0.15962047 0.1702834  0.1802947
  0.177703   0.19988546 0.20118508 0.17879083 0.17065247 0.19634597
  0.17094796 0.17933884]
 [0.1379488  0.15980269 0.1581719  0.16380394 0.14877393 0.17971379
  0.15716129 0.14798018 0.15882077 0.15511384 0.14790137 0.1499584
  0.14538465 0.16790765 0.18919412 0.1603902  0.16656601 0.15261176
  0.18078741 0.15378493]
 [0.12520787 0.13503436 0.11498034 0.11980392 0.1269115  0.12566143
  0.12504587 0.12414538 0.11909034 0.10914755 0.12839197 0.12943626
  0.1251116  0.09978464 0.13016265 0.115885   0.11200643 0.12397517
  0.13287013 0.11619   ]
 [0.08656619 0.08577694 0.08809932 0.08621438 0.09079436 0.09055828
  0.08286616 0.09036987 0.08516439 0.08174234 0.09054541 0.08227029
  0.09706854 0.07769239 0.09124157 0.09409505 0.09521521 0.08939191
  0.08567377 0.08711767]
 [0.06797612 0.06098294 0.06283519 0.06486718 0.05812597 0.06150293
  0.06337239 0.05814479 0.05772139 0.06283906 0.05383745 0.06194476
  0.0605823  0.05952563 0.05946008 0.05710572 0.05894384 0.06760847
  0.05707096 0.06332973]
 [0.04170958 0.04084432 0.04020921 0.04047972 0.04329067 0.04238245
  0.04320176 0.04615686 0.04317033 0.04200039 0.04329604 0.04125608
  0.04113277 0.03908276 0.04946766 0.04061548 0.03869082 0.04276261
  0.03693583 0.04164785]]

-std dev fidelity susceptibility / L
[0.00375313 0.00755702 0.00823814 0.01130973 0.01372582 0.0124984
 0.00842124 0.00468637 0.00349293 0.00259986]