L=4

Folding function 
None

Scale factors 
None

Ground state params 
[[ 1.970773    1.00812676 -0.27301656]
 [ 1.92755678  0.92711963 -0.3554931 ]
 [ 1.88041609  0.84162129 -0.43494668]
 [ 1.83191742  0.75486221 -0.50965506]
 [ 1.78443103  0.67047171 -0.57818917]
 [ 1.73971588  0.59156158 -0.63969004]
 [ 1.69880946  0.52015408 -0.69396629]
 [ 1.66207812  0.45709083 -0.74132779]
 [ 1.62948237  0.40230323 -0.78244287]
 [ 1.60070336  0.3551614  -0.81808127]]

-second energy derivatives / L
[[0.72712783 0.72315077 0.72255223 0.73566181 0.72008952 0.73331706
  0.73973206 0.71993117 0.72276573 0.7176381  0.72269789 0.71971316
  0.72399414 0.70041411 0.73552119 0.7276854  0.72139659 0.70543057
  0.73026516 0.72978667]
 [0.77948131 0.7662193  0.75232917 0.74563466 0.77013569 0.78839968
  0.75009547 0.77932575 0.75040106 0.761221   0.75229516 0.74580529
  0.77239182 0.77247345 0.76148198 0.75909418 0.77496655 0.75803482
  0.75726497 0.76582145]
 [0.77140124 0.76297584 0.79978497 0.75744784 0.7464984  0.76887267
  0.76379847 0.78871617 0.76323435 0.76594296 0.77242408 0.77240274
  0.75887728 0.75495477 0.76159928 0.7822483  0.78829198 0.7642303
  0.77867657 0.74396462]
 [0.74491266 0.71612379 0.75925684 0.75499055 0.72572351 0.73882127
  0.74374389 0.74188472 0.76296828 0.75404138 0.74068187 0.72666167
  0.74088768 0.73657073 0.75187515 0.7327539  0.72582232 0.76008552
  0.75402227 0.73303546]
 [0.66973625 0.67548589 0.68332666 0.66339475 0.6955366  0.67974245
  0.6729222  0.69226015 0.68494848 0.67471606 0.70646218 0.68446253
  0.69215938 0.67293883 0.66717677 0.68340203 0.69422409 0.68558978
  0.67108244 0.6594732 ]
 [0.5987007  0.60311078 0.60081428 0.61469394 0.63651042 0.59259912
  0.61028639 0.60922667 0.5884698  0.58619517 0.59303141 0.58336205
  0.61367402 0.607692   0.58911065 0.5895106  0.59513549 0.60420699
  0.60546653 0.59513939]
 [0.52099437 0.49977128 0.51215358 0.52542384 0.49287351 0.49582895
  0.50116377 0.51295515 0.49246243 0.51262787 0.52131908 0.51939652
  0.50312324 0.50369002 0.49474528 0.51921264 0.49013785 0.50301521
  0.50125574 0.50333897]
 [0.42458701 0.41736927 0.42378409 0.4197542  0.4300033  0.42017129
  0.41375466 0.4098776  0.40959179 0.42066723 0.42887567 0.41272902
  0.41547053 0.4298987  0.41785731 0.41972325 0.41685139 0.4251736
  0.40999415 0.41706555]
 [0.34355823 0.35041395 0.34515864 0.33936492 0.34103732 0.34435223
  0.34133369 0.34326301 0.33577544 0.337083   0.34041463 0.34783863
  0.34772345 0.35203755 0.33702421 0.34591808 0.33932971 0.34019402
  0.34411931 0.35590169]
 [0.28101153 0.28386133 0.27791084 0.29097226 0.28791849 0.28305828
  0.28500826 0.2794258  0.28567303 0.28576126 0.27499932 0.28082605
  0.27597575 0.28311051 0.26679499 0.28312536 0.27972149 0.28559833
  0.29018367 0.28004922]]

-std dev second energy derivatives / L
[0.0092296  0.01183742 0.01368808 0.01278789 0.01168552 0.01226957
 0.01065619 0.00624014 0.00514409 0.00543308]

-fidelity susceptibility / L
[[0.11886607 0.11504681 0.11574776 0.1205388  0.11391324 0.11901043
  0.11935638 0.11465216 0.11540174 0.11513709 0.1156816  0.1144984
  0.11632198 0.10937321 0.12125475 0.11687491 0.11411819 0.11179252
  0.11673723 0.11582192]
 [0.13118399 0.12700825 0.12386347 0.12089509 0.12854292 0.13350669
  0.12237611 0.13265822 0.12081544 0.12841633 0.12437844 0.12317558
  0.12891158 0.12970747 0.12686468 0.12533382 0.13016127 0.12505898
  0.12666017 0.12634924]
 [0.12862407 0.12956034 0.13639935 0.12605613 0.12324576 0.12991177
  0.12766527 0.13361656 0.12911892 0.12964649 0.13080352 0.12912431
  0.12568362 0.12606249 0.1273447  0.1327793  0.13413735 0.12754079
  0.13329801 0.12139374]
 [0.12524905 0.11875262 0.13095986 0.12736273 0.12077089 0.12384706
  0.12369095 0.12332513 0.1293743  0.12687134 0.12387655 0.1210964
  0.12264431 0.12217467 0.12811555 0.11935727 0.12285119 0.13062096
  0.12672321 0.12180916]
 [0.10852842 0.10932732 0.11401487 0.10692975 0.11626744 0.11128653
  0.10918606 0.11361572 0.11220127 0.10799053 0.11882723 0.11276501
  0.1129747  0.10688832 0.10830723 0.11526087 0.11254111 0.11117267
  0.10702729 0.10647943]
 [0.09393387 0.09464872 0.09543603 0.09617415 0.10469355 0.090649
  0.09652025 0.09729929 0.09114848 0.09167192 0.0917842  0.09074611
  0.09780022 0.09659582 0.09257953 0.09122963 0.09462926 0.096059
  0.09520394 0.09340911]
 [0.078557   0.07361334 0.07581639 0.07895135 0.07214423 0.07252489
  0.07360569 0.07608373 0.07285362 0.07532633 0.07842979 0.07945487
  0.07430025 0.07615536 0.07134826 0.07915022 0.07187001 0.07501639
  0.07415405 0.0752785 ]
 [0.05979588 0.05884212 0.06008266 0.05832225 0.06106915 0.05959364
  0.0568337  0.05668947 0.05541406 0.05793156 0.06138358 0.05724423
  0.05782337 0.0618721  0.0581903  0.05884495 0.05709951 0.05951458
  0.056162   0.05782885]
 [0.04483581 0.04571662 0.04474312 0.04368065 0.04393805 0.04399835
  0.04407718 0.04393782 0.04283797 0.04356483 0.04346744 0.04557011
  0.044796   0.04626518 0.04412725 0.04519314 0.0443452  0.04405556
  0.0450455  0.04798156]
 [0.03390049 0.03429321 0.03331246 0.03531018 0.0355616  0.03439846
  0.03458819 0.03380766 0.03417887 0.03518773 0.03255703 0.03435449
  0.03341239 0.03471804 0.03182645 0.03381513 0.03303112 0.03408125
  0.03530986 0.03369211]]

-std dev fidelity susceptibility / L
[0.00277452 0.00354757 0.00364628 0.00347826 0.0034067  0.00323211
 0.00251474 0.0017155  0.00112827 0.00092741]