L=4

Folding function 
<function unitary_folding at 0x7fcd2dc64e50>

Scale factors 
[1. 3. 5. 7.]

Ground state params 
[[ 1.970773    1.00812676 -0.27301656]
 [ 1.92755678  0.92711963 -0.3554931 ]
 [ 1.88041609  0.84162129 -0.43494668]
 [ 1.83191742  0.75486221 -0.50965506]
 [ 1.78443103  0.67047171 -0.57818917]
 [ 1.73971588  0.59156158 -0.63969004]
 [ 1.69880946  0.52015408 -0.69396629]
 [ 1.66207812  0.45709083 -0.74132779]
 [ 1.62948237  0.40230323 -0.78244287]
 [ 1.60070336  0.3551614  -0.81808127]]

-second energy derivatives / L
[[0.72321743 0.74489688 0.70620051 0.66582195 0.74624694 0.71695607
  0.67247201 0.67211653 0.69483954 0.74542285 0.81299172 0.76286479
  0.68506157 0.67692484 0.73107718 0.77385993 0.68722011 0.67342033
  0.76050536 0.74627904]
 [0.77976612 0.82478416 0.7374915  0.73628726 0.87303741 0.75990643
  0.83094226 0.80690097 0.8406144  0.69387375 0.73511406 0.77705919
  0.83312976 0.71978969 0.75543577 0.79781486 0.72320572 0.69437092
  0.73985629 0.78199555]
 [0.73433349 0.82873784 0.71904178 0.83575689 0.70393485 0.78864341
  0.7263663  0.80098326 0.70395418 0.73598351 0.76486638 0.80519274
  0.80515196 0.74378131 0.7500847  0.80054506 0.76157448 0.71508884
  0.77125309 0.76849602]
 [0.82730119 0.75746397 0.72203709 0.72564259 0.74044348 0.74259071
  0.74808265 0.70793594 0.80979162 0.70116274 0.75166888 0.77609498
  0.68635599 0.78441668 0.71749628 0.71316856 0.74763022 0.77985603
  0.72583118 0.73980528]
 [0.65491242 0.69611479 0.74431599 0.64612616 0.70045732 0.66640005
  0.67169097 0.70033999 0.66117191 0.63514453 0.72349956 0.76789403
  0.68014088 0.7309478  0.71019178 0.64049866 0.71759967 0.68563365
  0.72605264 0.71594533]
 [0.58317792 0.60990953 0.61611229 0.55882896 0.54940484 0.58670821
  0.6403892  0.66538638 0.55968067 0.61970723 0.57771276 0.63464469
  0.57766655 0.65517993 0.5901173  0.57043078 0.61333991 0.72974288
  0.62535756 0.65078846]
 [0.51552936 0.48941433 0.52074614 0.51986441 0.47316415 0.54853107
  0.51638833 0.49357502 0.52719673 0.50011925 0.52147016 0.52931619
  0.50755535 0.49652458 0.54112522 0.53805271 0.47960303 0.47119936
  0.46943351 0.53107957]
 [0.41725784 0.42666103 0.4590316  0.45067447 0.43350452 0.49081584
  0.35792824 0.42147905 0.38190708 0.38283622 0.38088995 0.44129118
  0.4713408  0.4299209  0.39539399 0.38915207 0.39766632 0.43752677
  0.44720194 0.41675694]
 [0.30756221 0.3402427  0.33197832 0.34766208 0.34267398 0.32080842
  0.34745573 0.36419492 0.34949023 0.33870089 0.36192714 0.37051345
  0.3664469  0.3485164  0.32379698 0.31114294 0.36329258 0.34987924
  0.38164869 0.34385555]
 [0.28381864 0.31714656 0.26148606 0.27243131 0.30386436 0.29107102
  0.2862173  0.30143156 0.29991706 0.32149757 0.29656246 0.31670056
  0.27143054 0.26830591 0.2953832  0.24620805 0.3013783  0.31213319
  0.29637592 0.2690567 ]]

-std dev second energy derivatives / L
[0.04027723 0.04975005 0.0396345  0.03517764 0.03562719 0.04309488
 0.02363781 0.03330826 0.01914081 0.01991823]

-fidelity susceptibility / L
[[0.11798797 0.12405299 0.10875378 0.10096829 0.12592526 0.11155
  0.10783793 0.10748645 0.11208026 0.12545484 0.13593536 0.13047984
  0.10107857 0.10144814 0.12096423 0.13892789 0.10487136 0.10205568
  0.13475004 0.11976938]
 [0.13036642 0.1431512  0.12261669 0.11765393 0.16083701 0.13137485
  0.14526642 0.1419614  0.14733744 0.10797122 0.12253299 0.13674756
  0.14485929 0.11527486 0.12629479 0.14223517 0.11066358 0.1079095
  0.1221918  0.13088456]
 [0.12317464 0.14681858 0.11678992 0.14838043 0.11592942 0.13508661
  0.12143794 0.13839201 0.11137845 0.11862723 0.13582557 0.14688652
  0.14315351 0.12071644 0.1209509  0.13360668 0.12290823 0.12075654
  0.12651276 0.12227508]
 [0.14612976 0.12886608 0.12180105 0.11883382 0.12423749 0.13135091
  0.12645643 0.1147527  0.14039539 0.11389888 0.12394514 0.13520076
  0.11326203 0.14195683 0.11437291 0.11076134 0.12685846 0.14783403
  0.12227338 0.12153649]
 [0.10072563 0.10322511 0.12493495 0.10009987 0.11787084 0.10895468
  0.11133486 0.11646369 0.1063961  0.09703045 0.12313945 0.13536443
  0.10501045 0.1256984  0.12544051 0.09831399 0.11818531 0.1138104
  0.12253458 0.11873651]
 [0.09316266 0.09251939 0.09758597 0.08336441 0.08389844 0.08716065
  0.10312937 0.11167966 0.08605427 0.09544713 0.08860709 0.10206095
  0.08969877 0.10207772 0.09260372 0.08700521 0.09793863 0.12782496
  0.10065819 0.10818574]
 [0.07688011 0.06987704 0.07717882 0.08105617 0.06785284 0.08629164
  0.07828275 0.06999138 0.08170809 0.07282241 0.07949702 0.0868633
  0.07478219 0.07090156 0.08207939 0.08613449 0.06802967 0.06533472
  0.06846889 0.08981283]
 [0.05955418 0.06050299 0.06925058 0.06587481 0.06164558 0.07676707
  0.04456754 0.05940052 0.05078015 0.05328809 0.05172114 0.06159512
  0.07046875 0.06282228 0.05218969 0.05433074 0.05249624 0.06004208
  0.06255876 0.05584614]
 [0.03794826 0.04438673 0.04325413 0.04485145 0.0430478  0.03958553
  0.04610935 0.04855855 0.04431783 0.04422727 0.04741625 0.04846648
  0.05130401 0.04529144 0.04032145 0.04030228 0.04752347 0.04422752
  0.05081245 0.04437347]
 [0.03410504 0.0389359  0.03058646 0.03305284 0.03817858 0.03616153
  0.03495563 0.03476157 0.03541146 0.0386276  0.03545482 0.04041663
  0.032964   0.03081196 0.03526224 0.02696439 0.03576811 0.04036252
  0.03935647 0.03035327]]

-std dev fidelity susceptibility / L
[0.01220176 0.01434836 0.0112251  0.01090375 0.01060571 0.01059337
 0.0071906  0.00749877 0.00348828 0.0035347 ]