L=4

Folding function 
<function unitary_folding at 0x7fda29f94e50>

Scale factors 
[1. 3.]

Ground state params 
[[ 1.970773    1.00812676 -0.27301656]
 [ 1.92755678  0.92711963 -0.3554931 ]
 [ 1.88041609  0.84162129 -0.43494668]
 [ 1.83191742  0.75486221 -0.50965506]
 [ 1.78443103  0.67047171 -0.57818917]
 [ 1.73971588  0.59156158 -0.63969004]
 [ 1.69880946  0.52015408 -0.69396629]
 [ 1.66207812  0.45709083 -0.74132779]
 [ 1.62948237  0.40230323 -0.78244287]
 [ 1.60070336  0.3551614  -0.81808127]]

-second energy derivatives / L
[[0.69090118 0.72014739 0.7198678  0.71146764 0.70779854 0.71125972
  0.69686225 0.71357166 0.70784901 0.70868166 0.73045339 0.75253235
  0.71275723 0.75261396 0.70615399 0.70570512 0.71652171 0.73220394
  0.70353992 0.73219104]
 [0.79095962 0.74481399 0.74413078 0.75430252 0.76377955 0.80110954
  0.75893272 0.75764031 0.74660245 0.73774442 0.74862233 0.79330047
  0.76013059 0.75913867 0.7697127  0.79497577 0.74342824 0.78319164
  0.77360638 0.75234588]
 [0.7948724  0.7738754  0.76026482 0.77106996 0.78875215 0.77837823
  0.75687841 0.7753784  0.75953696 0.78808473 0.79396465 0.79004513
  0.79685281 0.79352085 0.76228413 0.77580436 0.75771517 0.79277393
  0.75577408 0.75823886]
 [0.72832342 0.72791018 0.75544965 0.73858421 0.72984797 0.73452949
  0.72463171 0.74911639 0.73461554 0.72749863 0.74175811 0.77707436
  0.71198838 0.7460902  0.7193741  0.73124621 0.7850459  0.71870221
  0.73436387 0.71261453]
 [0.68730875 0.68339227 0.68352098 0.69832048 0.69676689 0.69256638
  0.70667869 0.67343988 0.67662846 0.67772825 0.64350044 0.69134455
  0.69843224 0.63372922 0.67389287 0.66146784 0.68636786 0.66914734
  0.70070673 0.67151195]
 [0.56785403 0.59858952 0.56819218 0.63137688 0.59915438 0.59603613
  0.63542644 0.58266716 0.58479512 0.57689266 0.58633572 0.5768157
  0.58811969 0.60126489 0.61685813 0.58542245 0.60006711 0.58930526
  0.60134714 0.62187529]
 [0.5088221  0.51327091 0.5321037  0.53070582 0.50537018 0.4965234
  0.4912388  0.53238438 0.50676365 0.50589157 0.49106482 0.51544353
  0.50567498 0.51165522 0.51074646 0.49554914 0.51454957 0.50477874
  0.53944661 0.51832404]
 [0.40146695 0.43190789 0.42948779 0.42009905 0.41192531 0.4432788
  0.44617733 0.41765007 0.42269078 0.39741903 0.4234978  0.43692226
  0.40894772 0.40757375 0.4259439  0.41374129 0.40392725 0.42951967
  0.42680319 0.43384221]
 [0.34530223 0.34485125 0.34596184 0.3522378  0.34089158 0.36027326
  0.31879042 0.36132929 0.34953035 0.33821674 0.34256784 0.32887207
  0.33800104 0.34230778 0.35488981 0.33213544 0.35176934 0.34911946
  0.36041164 0.33648004]
 [0.26986185 0.27641753 0.28477642 0.28660146 0.27733226 0.30028005
  0.28961167 0.3012828  0.29255462 0.30773672 0.27625295 0.28139191
  0.26978685 0.28310837 0.28113028 0.27763102 0.28092304 0.31098596
  0.27694237 0.2614423 ]]

-std dev second energy derivatives / L
[0.01586468 0.01892657 0.01478741 0.01853766 0.01816972 0.0185842
 0.01336089 0.01336594 0.01067785 0.0125579 ]

-fidelity susceptibility / L
[[0.11104005 0.1159521  0.1145703  0.1117547  0.11359677 0.11166479
  0.10718583 0.11277481 0.11236002 0.11184087 0.11734238 0.12356515
  0.11264368 0.1265955  0.11144091 0.11217329 0.11590709 0.1163763
  0.11090422 0.1191272 ]
 [0.13299244 0.12055147 0.12087425 0.12774478 0.1256522  0.13356413
  0.12745777 0.12424453 0.12365114 0.11820055 0.12289237 0.13771541
  0.12576008 0.12707753 0.12932751 0.13621953 0.11890471 0.13014508
  0.12962244 0.12399432]
 [0.13573047 0.13229242 0.12752057 0.13164517 0.1357577  0.12800399
  0.12962305 0.13166523 0.12375373 0.13755352 0.13531396 0.13629266
  0.13645786 0.13873785 0.12792913 0.13508121 0.12683449 0.13616275
  0.12798893 0.12805234]
 [0.12147675 0.12034189 0.13237751 0.12044425 0.12281462 0.1218666
  0.12136364 0.13250061 0.12244179 0.1219818  0.12514177 0.1326237
  0.11471269 0.12423407 0.1188279  0.11966913 0.13466492 0.11889944
  0.12095016 0.11743489]
 [0.10862987 0.11268157 0.112711   0.11461828 0.11594952 0.11925353
  0.11850949 0.1098955  0.10730009 0.1099915  0.10152158 0.11497751
  0.11568642 0.09997607 0.11093212 0.10670898 0.11126795 0.10671054
  0.11792556 0.11071197]
 [0.08533129 0.09320005 0.0857621  0.10453253 0.09507975 0.09450791
  0.10264884 0.0903299  0.09160338 0.08896604 0.08875728 0.08951221
  0.09154769 0.09530464 0.09876143 0.09140978 0.09351195 0.09408895
  0.09359491 0.09888535]
 [0.07475764 0.07647369 0.08047743 0.08103144 0.07681054 0.07325196
  0.07338003 0.08321142 0.07528727 0.07454657 0.07171024 0.07548436
  0.0738051  0.07757346 0.0770131  0.07244998 0.07656115 0.0730794
  0.08341185 0.0785977 ]
 [0.05424309 0.06008161 0.05876139 0.05755458 0.05582204 0.06267973
  0.06462603 0.05769334 0.05829718 0.05314286 0.05921146 0.06110521
  0.05609099 0.05628011 0.05967482 0.05574622 0.0546202  0.0601774
  0.05933709 0.06067638]
 [0.04496068 0.04557179 0.04466848 0.04497059 0.04289845 0.04709295
  0.04056972 0.04861743 0.04518651 0.04280579 0.04383262 0.04291917
  0.04402967 0.04392364 0.04569868 0.04218984 0.04559466 0.04512855
  0.04790336 0.04485486]
 [0.03227181 0.03227307 0.03370911 0.03396567 0.03323334 0.03699674
  0.0350282  0.03735782 0.03525332 0.03847826 0.03350087 0.03460063
  0.03282245 0.03407618 0.03349544 0.03342621 0.03375122 0.03781293
  0.03208409 0.03094715]]

-std dev fidelity susceptibility / L
[0.00443365 0.00534478 0.00427217 0.00539578 0.00510741 0.00488029
 0.00333897 0.002851   0.00186589 0.00198072]