L=6

Folding function 
<function unitary_folding at 0x7ff4624aa830>

Scale factors 
[1. 3. 5. 7.]

Ground state params 
[[-9.85333174e-02  4.31523172e-01 -1.93106168e-02  1.00464755e+00
   1.72535028e+00  1.45492472e+00 -1.31673185e-01]
 [-9.06117391e-02  3.79789670e-01  2.10434422e-02  8.90691817e-01
   1.69310565e+00  1.37694493e+00 -1.60378108e-01]
 [-7.25581609e-02  3.25295130e-01  6.19369327e-02  7.75448445e-01
   1.65364444e+00  1.27177787e+00 -1.91265250e-01]
 [-4.77764482e-02  2.72010645e-01  9.83234690e-02  6.60285966e-01
   1.60659525e+00  1.14174261e+00 -2.25079025e-01]
 [-2.17818800e-02  2.24016059e-01  1.25084885e-01  5.49209011e-01
   1.55371728e+00  9.95891956e-01 -2.62261846e-01]
 [ 9.34701687e-06  1.83792558e-01  1.39554691e-01  4.47963691e-01
   1.49949265e+00  8.48087027e-01 -3.02678547e-01]
 [ 1.48359777e-02  1.51517094e-01  1.42752850e-01  3.61392873e-01
   1.44941582e+00  7.11575062e-01 -3.45508552e-01]
 [ 2.29950669e-02  1.25926211e-01  1.38121438e-01  2.91204944e-01
   1.40736978e+00  5.94061852e-01 -3.89587480e-01]
 [ 2.63104879e-02  1.05516548e-01  1.29287328e-01  2.36155521e-01
   1.37463078e+00  4.97228373e-01 -4.33814250e-01]
 [ 2.66755268e-02  8.90795407e-02  1.18848922e-01  1.93585133e-01
   1.35054667e+00  4.19126180e-01 -4.77303479e-01]]

-second energy derivatives / L
[[ 0.61029694  0.63087786  0.55991057  0.61116786  0.59175942  0.69436954
   0.65030775  0.6522879   0.65710316  0.57092484  0.68749626  0.6198657
   0.63913952  0.61328979  0.53747476  0.62918583  0.61251732  0.62248164
   0.66456424  0.58398654  0.70349192  0.63382568  0.58978493  0.72120827
   0.59297187  0.56942112  0.66797303  0.70182307  0.61311712  0.72427945
   0.59780556  0.64221865  0.60785108  0.60184917  0.59624594  0.6188355
   0.69738359  0.64801724  0.68244594  0.56162403  0.66768083  0.60249215
   0.60679618  0.57985531  0.56903297  0.48906796  0.61876195  0.65517607
   0.55228942  0.56198516  0.72207476  0.57171577  0.615506    0.63654452
   0.66557234  0.60254718  0.60650905  0.62702981  0.64709613  0.57538981
   0.55835751  0.59455024  0.63831168  0.6218564   0.61113653  0.62512895
   0.56340225  0.55569461  0.59729206  0.56011151  0.55032549  0.61807307
   0.72207416  0.73810224  0.68750883  0.58627097  0.62150834  0.5709508
   0.58388616  0.64522272  0.6573724   0.57654545  0.67737252  0.53861212
   0.66808897  0.66597444  0.64995227  0.59496177  0.55033941  0.64472851
   0.64659967  0.632231    0.6139296   0.59670063  0.60767554  0.65324043
   0.61054268  0.67919459  0.65317858  0.65632219]
 [ 0.74664785  0.77198635  0.738894    0.71003561  0.6855241   0.65809994
   0.63852383  0.64120251  0.61845408  0.76016962  0.62062175  0.65980848
   0.68140786  0.68698184  0.68403649  0.75593348  0.64505976  0.73270648
   0.70473658  0.71352005  0.71598889  0.66436591  0.73302335  0.67039141
   0.80055012  0.65196401  0.64119153  0.63860692  0.81296608  0.69767692
   0.65192176  0.691678    0.63933663  0.6953223   0.65931074  0.73104621
   0.72517833  0.62725215  0.69737597  0.72469864  0.67658215  0.69269221
   0.67320668  0.78004165  0.65724659  0.78739294  0.70436472  0.64919671
   0.75432329  0.64976782  0.72667882  0.68463866  0.64696403  0.81374675
   0.79785346  0.68244531  0.6496854   0.68069721  0.70775191  0.73990177
   0.60468884  0.71779121  0.63501996  0.71866996  0.71827221  0.69712061
   0.66892294  0.65688431  0.73530108  0.72447971  0.70201605  0.69382718
   0.71682718  0.68016272  0.69882041  0.73834584  0.62515941  0.68780943
   0.7193629   0.65919934  0.74695619  0.7341569   0.64135778  0.72719704
   0.62816169  0.63884704  0.75191163  0.69192352  0.70905193  0.73482906
   0.71049819  0.69177084  0.69315782  0.7423711   0.70425929  0.74328358
   0.71464379  0.78656426  0.73525457  0.73556276]
 [ 0.76546726  0.81533982  0.73821819  0.6599815   0.81969727  0.70717338
   0.71457594  0.80747961  0.82576459  0.7639243   0.71704255  0.72075356
   0.84219774  0.84554887  0.66554406  0.81824844  0.83011324  0.65737222
   0.74934582  0.7869319   0.72769797  0.67981877  0.74113787  0.81779943
   0.87294886  0.78826543  0.7979074   0.71617108  0.91613408  0.76227691
   0.81578176  0.7120247   0.71940469  0.79157714  0.86300653  0.69549971
   0.71664639  0.82620792  0.815096    0.7087879   0.76704815  0.78334699
   0.72256334  0.66358778  0.8444957   0.7309522   0.72634858  0.84025519
   0.75088758  0.78315228  0.81453913  0.73726376  0.78357915  0.77302064
   0.72506542  0.82212297  0.81963922  0.76096408  0.80383455  0.69298069
   0.82669523  0.75795264  0.69981898  0.79066438  0.69195764  0.69497851
   0.80128756  0.91282712  0.76621712  0.84996517  0.75345152  0.81387734
   0.73468291  0.83679227  0.83907428  0.7052024   0.75789617  0.74477022
   0.76278387  0.81161167  0.72250481  0.70329858  0.8061106   0.79937259
   0.76455088  0.74822634  0.94735531  0.80756794  0.73007765  0.90945232
   0.84573725  0.80402748  0.7511258   0.85458482  0.70777628  0.7742547
   0.7443243   0.66506278  0.82253652  0.83721711]
 [ 0.79694203  0.91713395  0.82508823  0.75238805  0.8495701   0.89291958
   0.77809632  0.81006062  0.79834129  0.8418227   0.72690362  0.80692023
   0.82886671  0.97296379  0.9753402   0.9541062   0.76914544  0.73583536
   0.80085148  0.89496753  0.93213169  0.83705202  0.82959874  0.77365464
   0.84309126  0.86339456  0.86320628  0.90477861  1.04742904  0.74644883
   0.71326864  0.81119313  0.89917376  0.78296546  0.87903782  0.85909012
   0.89406475  0.72458709  0.76970249  0.88337928  0.8079904   0.81318338
   0.77368314  0.76975981  0.67976523  0.76018668  0.77093591  0.8916895
   0.7637197   0.89982477  0.86312832  0.83824615  0.83206306  0.8993658
   0.72581805  0.83829082  0.82769872  0.82624423  0.88359415  0.76647258
   0.95912731  0.82503573  0.74409477  0.90698357  0.90754102  0.87502145
   0.82823667  0.80145739  0.84743157  0.79047401  0.99290943  0.73044751
   0.80012     0.76592457  0.72241076  0.93676057  0.82795026  0.74405652
   0.80949055  0.81687931  0.73430967  0.72929285  0.84208951  0.84818197
   0.7856576   0.76295995  0.97939033  0.81748554  0.78192512  0.82090608
   0.89807146  0.77913286  0.80387569  0.78987458  0.81468469  0.78612913
   0.7522993   1.00941512  0.73991808  0.78752521]
 [ 0.8487821   0.74144704  0.91329321  0.77579428  0.81376854  0.77061779
   0.72116173  0.79224938  0.86833341  0.87333144  0.91806865  0.87865709
   0.78000034  0.92945009  0.75077873  0.69996734  0.90449619  0.80977738
   0.8629708   0.87010484  0.82096236  0.75511247  0.80117122  0.6827122
   0.77917912  0.85051874  0.84015504  0.83320282  0.91715566  0.81519259
   0.80350189  0.89132924  0.80777826  0.82105925  0.81600678  0.75217546
   0.96195166  0.81420206  0.886338    0.71735212  0.86783372  0.85272082
   0.762973    0.83651482  0.8225326   0.81402071  0.85892289  0.84170092
   0.88191504  0.84022071  0.85226013  0.75642993  0.79965843  0.84300093
   0.8978478   0.82518546  0.90108646  0.81357192  0.84462185  0.76572023
   0.86464061  0.82272641  0.76793018  0.8512045   0.83045138  0.77759347
   0.77284153  0.87261843  0.88113988  0.91613063  0.81972354  0.80957695
   0.83060854  0.8378162   0.82781864  0.85620769  0.86676571  0.77214507
   0.91383402  0.78386209  0.94500747  0.83844893  0.84808774  0.82233118
   0.80902603  0.84735243  0.8230956   0.7052045   0.85797605  0.76245046
   0.74487629  0.99034644  0.78167766  0.7680942   0.75121698  0.79159559
   0.83020751  0.74666906  0.9455743   0.86549269]
 [ 0.64592283  0.66089386  0.75772668  0.73434708  0.7984866   0.67726328
   0.8052047   0.7358786   0.72889274  0.69315982  0.66699317  0.7249242
   0.66719892  0.71411488  0.69687685  0.70438323  0.75878773  0.83799472
   0.80982957  0.82863673  0.74637766  0.85089864  0.69910967  0.7131693
   0.77816157  0.75963262  0.90916587  0.75650727  0.65702988  0.70269682
   0.68929053  0.78889293  0.73326504  0.76077418  0.77381467  0.65739307
   0.7807066   0.81672202  0.68269135  0.78958848  0.776199    0.74723393
   0.64364311  0.690619    0.88361967  0.78839741  0.76009298  0.73783348
   0.73117408  0.69842971  0.68517098  0.67965477  0.750789    0.77141873
   0.70139531  0.7551318   0.68960642  0.69405037  0.72681246  0.70627843
   0.7425557   0.75313068  0.70318531  0.78281094  0.87913955  0.77367407
   0.85900168  0.72010077  0.71430156  0.75979076  0.82202513  0.67957818
   0.84598142  0.67371285  0.68014913  0.70054022  0.83194319  0.76972473
   0.6894842   0.72813895  0.70097238  0.70552645  0.67881239  0.6839625
   0.85777487  0.76428971  0.78035805  0.74582626  0.72747889  0.75336828
   0.81288457  0.633336    0.75497815  0.77696592  0.82254858  0.71809404
   0.72445513  0.60623259  0.73605313  0.70234513]
 [ 0.62231849  0.59832114  0.62396066  0.64523992  0.58733244  0.6724253
   0.57365971  0.6157656   0.54790578  0.69734927  0.65100795  0.60151872
   0.60538413  0.62980541  0.60659412  0.59904175  0.53371497  0.66247653
   0.63866696  0.58757145  0.59806924  0.62482506  0.6071137   0.55575442
   0.55692727  0.54123334  0.57952255  0.67835109  0.56141063  0.65414299
   0.59270896  0.55209297  0.55551948  0.67056697  0.6991841   0.6524552
   0.61466257  0.62786879  0.64150985  0.62750975  0.62124326  0.58983393
   0.64726308  0.65764187  0.57094209  0.6013311   0.64181193  0.6132118
   0.64162245  0.62790906  0.67386711  0.67649022  0.63528002  0.59036747
   0.6732036   0.60107153  0.55690427  0.59921732  0.52021096  0.67678031
   0.6278013   0.59545199  0.65357927  0.62429965  0.62752476  0.63256086
   0.5859591   0.5446321   0.54736136  0.58504354  0.60912443  0.62363794
   0.63257936  0.56194861  0.58230834  0.60183556  0.59856728  0.61677486
   0.6160786   0.63844921  0.60004399  0.60375597  0.61294874  0.63283662
   0.65266802  0.5724982   0.62787589  0.56910997  0.55801285  0.6376444
   0.60698452  0.62179639  0.62714995  0.65517266  0.61114208  0.58305121
   0.77918171  0.59837829  0.66412688  0.67372827]
 [ 0.50002427  0.48217166  0.48182647  0.48238713  0.51666437  0.43007287
   0.50595909  0.44974867  0.53922071  0.48363159  0.53131812  0.43066409
   0.46160115  0.49364623  0.44884062  0.46291985  0.4754646   0.43895829
   0.42636629  0.50169375  0.50393837  0.5370694   0.43888568  0.47627712
   0.47296796  0.55767482  0.48879203  0.42716172  0.52570416  0.48491283
   0.51367599  0.509316    0.42728327  0.48283783  0.52186264  0.48707924
   0.50931932  0.54301669  0.52623516  0.53701129  0.46036368  0.48249583
   0.49686152  0.50068089  0.511237    0.59421834  0.46189445  0.45202409
   0.52770972  0.45151158  0.4826517   0.4343112   0.49381194  0.51093648
   0.54047632  0.53663949  0.45292738  0.45284308  0.45549444  0.48204616
   0.48742764  0.43065288  0.46995754  0.50003093  0.51405416  0.54684633
   0.54224566  0.43236443  0.46640512  0.4377017   0.45429105  0.44809964
   0.51599564  0.51840165  0.50424636  0.44732376  0.46131946  0.45929912
   0.48161567  0.48174132  0.45677536  0.44723337  0.47045415  0.47839809
   0.50270958  0.44492633  0.41309217  0.44071973  0.53712766  0.46891534
   0.51734236  0.48038074  0.53128791  0.53732132  0.50931747  0.43285327
   0.46495649  0.47834274  0.4754926   0.49848673]
 [ 0.5397542   0.35292075  0.37406608  0.36240572  0.39068124  0.37984856
   0.3979483   0.33734261  0.35603566  0.37988679  0.41470932  0.34267116
   0.36024419  0.37927315  0.40238822  0.39004893  0.36221367  0.38357372
   0.38418442  0.4235561   0.3768786   0.38258664  0.3653113   0.34559538
   0.39843198  0.3391234   0.3568411   0.35551979  0.41173705  0.34273095
   0.37870502  0.41028973  0.35569837  0.3610343   0.38698446  0.36419459
   0.35366212  0.36414634  0.43400567  0.37258778 -0.07507485  0.37961082
   0.36273985  0.3738933   0.37454419  0.34658293  0.35755658  0.37139417
   0.42194494  0.37619111  0.34697823  0.37977767  0.4614471   0.45330713
   0.39404828  0.34010533  0.32933587  0.42314543  0.31840913  0.36034979
   0.3552256   0.34010306  0.34944714  0.40364894  0.39312216  0.39057369
   0.40802064  0.36849001  0.3725651   0.39362011  0.33182438  0.36475053
   0.38732885  0.36295481  0.38399608  0.40756385  0.38539254  0.41547923
   0.36674535  0.35374477  0.34868149  0.39178856  0.38783424  0.38459332
   0.39421343  0.38945478  0.38909064  0.3570544   0.3817752   0.37940256
   0.35688952  0.33202544  0.35417094  0.36586483  0.39354828  0.40562807
   0.3962374   0.40680065  0.37942538  0.3440014 ]
 [ 0.28748286  0.31131     0.29999134  0.31119667  0.30151593  0.29453466
   0.26844361  0.30496204  0.26176923  0.29640758  0.31654112  0.2996074
   0.27959893  0.29544526  0.27589127  0.27814221  0.32796847  0.26218548
   0.3066244   0.29543767  0.25063873  0.29468796  0.27874939  0.23548332
   0.29386897  0.27863973  0.32793447  0.27914821  0.2882455   0.30872367
   0.33361216  0.25659143  0.30629466  0.26419709  0.29294597  0.32591376
   0.31920996  0.27643518  0.29626778  0.33532252  0.30800708  0.28565546
   0.26112097  0.28119645  0.29898068  0.28439847  0.2788306   0.28177831
   0.25252502  0.27360576  0.27593741  0.29599211  0.32321736  0.21248616
   0.29443941  0.27697271  0.31911831  0.31332866  0.29058878  0.27626727
   0.33180169  0.27838386  0.30442186  0.25855126  0.32327506  0.28737845
   0.31062745  0.30201351  0.33168732  0.3167272   0.29741349  0.3060995
   0.33775246  0.30578782  0.36821335  0.27472727  0.41105185  0.28717725
   0.24570256  0.27239619  0.45973902  0.28322332  0.31018193  0.29902186
   0.27838153  0.31357639  0.28856584  0.27331693  0.28206832  0.27825136
   0.29862327  0.30239395  0.30768269  0.2603879   0.32433821  0.26312169
   0.29777382  0.27283382  0.30018554  0.27113671]]

-std dev second energy derivatives / L
[0.04785255 0.04643993 0.0609708  0.0727692  0.05917544 0.05954855
 0.04175217 0.03623897 0.05461289 0.03150295]

-fidelity susceptibility / L
[[0.10079601 0.09920153 0.08560596 0.11649995 0.09168527 0.11080516
  0.09880136 0.10896877 0.10906754 0.09056189 0.11486042 0.10735134
  0.10827868 0.10412707 0.08669826 0.09826852 0.09983707 0.10116646
  0.10729216 0.0915409  0.12192147 0.09590913 0.09390642 0.12667884
  0.08650377 0.09433485 0.11090905 0.12936301 0.09247394 0.11805502
  0.09924202 0.11087134 0.09774737 0.09423207 0.08843314 0.10382243
  0.13214566 0.1181008  0.11247432 0.07962532 0.10567765 0.090526
  0.09636729 0.09464111 0.0923717  0.06685837 0.10429881 0.11079327
  0.08616399 0.09121907 0.13340155 0.08614671 0.09551471 0.10352547
  0.1069568  0.0949056  0.0958753  0.10017309 0.11135902 0.09263936
  0.08576925 0.09621165 0.10980497 0.10217991 0.09853371 0.10161577
  0.08692055 0.0873694  0.10307123 0.0959602  0.07977759 0.09998869
  0.13174789 0.13587031 0.10767598 0.08976139 0.098313   0.08500008
  0.08882122 0.11608369 0.1084037  0.08958957 0.11740759 0.08218621
  0.1103438  0.11272875 0.09784501 0.10611548 0.08544465 0.11376164
  0.10472595 0.10750265 0.0962861  0.09572502 0.09254962 0.11549475
  0.10170898 0.11812353 0.11113846 0.11140304]
 [0.13457391 0.1479544  0.12772117 0.131613   0.14739333 0.11801269
  0.10620883 0.11332965 0.10651031 0.14665876 0.10413071 0.11151251
  0.12501766 0.12306768 0.125297   0.15952634 0.10462967 0.14363762
  0.11960269 0.13068813 0.1285903  0.11128189 0.13159456 0.11527039
  0.16638649 0.11871336 0.10427959 0.10859165 0.1682892  0.12540998
  0.11542258 0.12608602 0.11843414 0.12265624 0.10625102 0.12681997
  0.13423845 0.10999407 0.1266444  0.13079823 0.12270679 0.11713291
  0.12267437 0.14672731 0.11557083 0.15598915 0.12836885 0.1305033
  0.1478938  0.11254544 0.1316919  0.12342945 0.11364782 0.17935397
  0.14665927 0.12619471 0.11757035 0.11808825 0.12189939 0.14056484
  0.10259437 0.13829624 0.10852005 0.13411126 0.14529251 0.12666358
  0.1231324  0.12545186 0.13222506 0.13066436 0.13421987 0.12394661
  0.12375704 0.11378626 0.12562313 0.1266388  0.1112593  0.12462061
  0.12434405 0.12325294 0.13642328 0.14088453 0.10863971 0.12961712
  0.10518211 0.10804669 0.14131965 0.12180536 0.12589888 0.13643977
  0.12771702 0.13704656 0.12477212 0.13910248 0.13596077 0.14362263
  0.13751366 0.15957308 0.1444753  0.14333376]
 [0.15859114 0.18152261 0.1415708  0.11767457 0.16937874 0.13201711
  0.14438163 0.17644406 0.1694291  0.15937463 0.13731808 0.14310083
  0.16783361 0.17077678 0.12724711 0.1680361  0.18766774 0.11362087
  0.15330317 0.15296927 0.14209222 0.13918965 0.14447904 0.16095854
  0.20220767 0.15966671 0.16185254 0.13754614 0.1977384  0.16353444
  0.17429051 0.13377482 0.13130052 0.17299699 0.19306447 0.13199587
  0.13595758 0.1767735  0.15579337 0.13645583 0.15173456 0.15136683
  0.14075129 0.11987336 0.16523565 0.13821879 0.13960194 0.16539801
  0.14766168 0.14393311 0.18669877 0.14202142 0.16652848 0.16265711
  0.13925986 0.16508117 0.17730804 0.14216559 0.16038025 0.13178082
  0.18798529 0.13939    0.12420147 0.16215664 0.12372571 0.12537772
  0.17642901 0.1929803  0.14539567 0.17419605 0.14167071 0.16877132
  0.14042371 0.18002441 0.18578591 0.13988307 0.15525251 0.14543477
  0.1457592  0.16653768 0.14687289 0.13196444 0.16435961 0.1684837
  0.14535638 0.14632993 0.2441119  0.16764417 0.14764589 0.21885448
  0.17858417 0.1512157  0.15374699 0.19330757 0.12979383 0.1538772
  0.14256528 0.13232275 0.16916321 0.17527028]
 [0.15751796 0.20498056 0.17878996 0.15264665 0.19879101 0.2074416
  0.16415646 0.18265306 0.15824739 0.18721197 0.15179323 0.17497895
  0.18468345 0.25537865 0.24103578 0.23863999 0.15415406 0.13463759
  0.17220383 0.20662736 0.20825671 0.18308792 0.18028167 0.16499037
  0.19387352 0.1897093  0.1988548  0.2136468  0.27501116 0.1382557
  0.14074022 0.17287603 0.22183738 0.15990967 0.1951819  0.20282936
  0.20049557 0.14572602 0.16797247 0.22065612 0.17640213 0.17289456
  0.15282497 0.16210738 0.130029   0.14954786 0.15064188 0.21497929
  0.17518823 0.20012355 0.19547632 0.1808061  0.18612289 0.19220359
  0.14765255 0.19151987 0.1882434  0.18789197 0.20141605 0.15483243
  0.23579638 0.17634344 0.14902505 0.21436011 0.22227221 0.20584282
  0.17269763 0.1773772  0.2035801  0.16157246 0.25562341 0.14673188
  0.17323282 0.16064431 0.13473305 0.23928659 0.18114857 0.13264901
  0.17441098 0.17884223 0.16269754 0.15968321 0.17958106 0.18913278
  0.16232156 0.15542406 0.23089087 0.17754012 0.15553099 0.1764548
  0.20142975 0.16098217 0.17338667 0.16324074 0.1793859  0.16625932
  0.14308231 0.26001401 0.15085047 0.16728138]
 [0.20614965 0.14628009 0.21937851 0.17484562 0.18553303 0.15744052
  0.14387209 0.17232294 0.19805444 0.18809049 0.21375234 0.21717757
  0.16011404 0.2083016  0.169948   0.14420979 0.22960977 0.19244107
  0.20604405 0.1908507  0.17087703 0.16761902 0.17042677 0.12959232
  0.17019143 0.19522874 0.18488152 0.17725388 0.23528839 0.16464945
  0.18534471 0.21158802 0.17964954 0.1703035  0.169095   0.16304737
  0.2455675  0.18208654 0.20881369 0.13688366 0.21264803 0.18807789
  0.1479334  0.18827995 0.18277672 0.17429751 0.1925945  0.17463136
  0.2153909  0.19128633 0.19628344 0.15176023 0.15775633 0.21382979
  0.22754993 0.1823209  0.21718622 0.16954437 0.19697356 0.16531149
  0.20164477 0.196211   0.16237327 0.18857632 0.17721587 0.16475929
  0.16665136 0.19703473 0.20672461 0.22146515 0.19544837 0.17686386
  0.18699601 0.18318687 0.17791529 0.18202636 0.20697619 0.17671755
  0.21282521 0.16773681 0.23346945 0.1907564  0.1937949  0.1842636
  0.1720083  0.20808686 0.19786568 0.14454163 0.18291258 0.15032986
  0.1575908  0.24634781 0.17129351 0.17857413 0.16726156 0.17046629
  0.17844563 0.1581955  0.23343883 0.21063943]
 [0.14380561 0.13254803 0.16564427 0.15568598 0.19613678 0.13279268
  0.18235836 0.15475972 0.16067978 0.15420186 0.13630752 0.15202677
  0.13678871 0.15380837 0.14927546 0.14928673 0.15189223 0.20449922
  0.19479283 0.20099941 0.16233987 0.21150416 0.15950944 0.14731181
  0.16398663 0.1661323  0.2208695  0.15162625 0.13307781 0.1339276
  0.14326549 0.17383161 0.15722032 0.16404837 0.18115201 0.12987256
  0.17133334 0.20729016 0.13363012 0.18440481 0.17326453 0.1608916
  0.12245752 0.13720598 0.22749273 0.18228843 0.16902757 0.16048768
  0.15606336 0.16223579 0.14524638 0.13710811 0.15895047 0.17708533
  0.14453802 0.17438064 0.14287868 0.15454633 0.15610862 0.15088095
  0.15971363 0.18256927 0.14561222 0.15799268 0.22310651 0.15905421
  0.21735539 0.15443777 0.15577639 0.16691423 0.18998316 0.14389731
  0.20334085 0.14303136 0.14545232 0.14593855 0.20551618 0.17042211
  0.14296306 0.1532965  0.15986646 0.15379859 0.13405836 0.13387175
  0.19424286 0.16460757 0.18502255 0.16381362 0.158986   0.167003
  0.19189099 0.11996414 0.15532636 0.18408024 0.18104247 0.15075305
  0.16474375 0.11587369 0.14979237 0.14615825]
 [0.12579995 0.11427358 0.130196   0.13593044 0.11843753 0.14949206
  0.12047137 0.12571903 0.11560566 0.15226632 0.14213097 0.12270476
  0.11734299 0.13835365 0.11858609 0.1125011  0.10225449 0.14570495
  0.13581762 0.11513678 0.11357949 0.12728231 0.12356211 0.11818613
  0.11071495 0.1058247  0.11583865 0.1394448  0.10596371 0.13884532
  0.12037508 0.09912027 0.10859701 0.13804731 0.1453592  0.13519078
  0.1188422  0.13735265 0.12513981 0.12731103 0.11580894 0.10910581
  0.13247956 0.13994564 0.10780234 0.12816149 0.12587983 0.12596639
  0.12746517 0.1324359  0.13274063 0.13835745 0.1294001  0.10791395
  0.14464729 0.11083468 0.10731911 0.12153133 0.092249   0.14478976
  0.12923644 0.11786308 0.140871   0.13035161 0.12040865 0.13449702
  0.11780219 0.10348486 0.10440104 0.11339004 0.11088944 0.1443224
  0.14465229 0.10995449 0.11327378 0.12282595 0.12101618 0.11938545
  0.12156956 0.13530906 0.12318427 0.13234479 0.12661382 0.12784583
  0.14039762 0.10507207 0.13566682 0.10617913 0.09878243 0.1247914
  0.12874175 0.12411225 0.12705972 0.14491398 0.12064496 0.10468408
  0.20510447 0.11930523 0.136548   0.13902735]
 [0.09075158 0.08313728 0.08503448 0.08932563 0.09487899 0.07679247
  0.09309996 0.06946769 0.10156682 0.09462807 0.0969013  0.06948391
  0.07879225 0.09375774 0.08039934 0.08459735 0.08665653 0.07067964
  0.07400587 0.0952841  0.0932584  0.10984251 0.07459838 0.08191056
  0.08149727 0.11764969 0.09459196 0.07019542 0.09786578 0.08893056
  0.09592859 0.09499499 0.07730542 0.09278106 0.09090957 0.0944708
  0.09794278 0.11130418 0.09365196 0.10686166 0.08013655 0.08653244
  0.09893705 0.09103565 0.09625888 0.13408861 0.07956148 0.08150782
  0.10864498 0.07523869 0.09323389 0.0714948  0.09450791 0.09617174
  0.10823353 0.10675059 0.07521091 0.07682949 0.07826875 0.08655994
  0.08818991 0.07299545 0.09074702 0.10102205 0.0889341  0.10600948
  0.10235471 0.07248612 0.08570222 0.07401358 0.08098329 0.07993787
  0.10025608 0.10091854 0.09065431 0.08279935 0.08941531 0.07766582
  0.08633376 0.0943431  0.07738994 0.08053694 0.08922376 0.08470859
  0.09747505 0.07649153 0.06502916 0.07830112 0.10660228 0.07939879
  0.09641153 0.09377299 0.11137238 0.09816768 0.08672714 0.07707158
  0.08072359 0.08419285 0.08261108 0.09218808]
 [0.15110161 0.05074947 0.06041905 0.05864991 0.06308891 0.06083234
  0.06388858 0.04942084 0.05824661 0.05902651 0.06891007 0.05205191
  0.05760766 0.06275697 0.10452459 0.06808146 0.05315552 0.06469639
  0.07340821 0.07368932 0.06699828 0.06111182 0.05918884 0.04956273
  0.06418913 0.05943955 0.05661382 0.05487176 0.07091773 0.05011188
  0.06473667 0.06669542 0.06370295 0.05934104 0.06337891 0.05925486
  0.05734639 0.06018995 0.07670199 0.06009674 0.35333556 0.06185371
  0.05859776 0.06445634 0.06550219 0.05542782 0.05750466 0.06081382
  0.07120329 0.06024561 0.05851833 0.05919027 0.11541909 0.08541249
  0.07339907 0.0542169  0.04991778 0.08955816 0.0464809  0.05945109
  0.0582977  0.05392496 0.0518665  0.06843139 0.07018644 0.06250024
  0.18018068 0.05758608 0.05528474 0.06491283 0.05196619 0.05632201
  0.06490148 0.06328559 0.06338258 0.07965925 0.06459053 0.07160413
  0.06098427 0.05678386 0.05767169 0.06695454 0.06161123 0.0665128
  0.06741052 0.06243049 0.07984048 0.05574782 0.06243849 0.06580464
  0.05797568 0.04862079 0.05267426 0.06216637 0.06581025 0.06767646
  0.06411049 0.06898909 0.06312195 0.05290751]
 [0.0444586  0.05650646 0.0452823  0.04812588 0.04715137 0.04460319
  0.03540093 0.04039648 0.03635266 0.04440052 0.04423417 0.04231478
  0.03846289 0.04517183 0.04117524 0.0391748  0.06003195 0.03711437
  0.03949134 0.0457994  0.03381696 0.04530194 0.03768603 0.0320246
  0.04547508 0.04435173 0.04582731 0.04167499 0.04039718 0.04287182
  0.05239439 0.03467903 0.04424749 0.05101919 0.03809046 0.04903395
  0.05564313 0.0434132  0.04610115 0.05132143 0.05164658 0.04162246
  0.03544736 0.04045554 0.04998765 0.04224024 0.03976753 0.03975515
  0.03479831 0.04164406 0.04007003 0.04669891 0.04613599 0.07629433
  0.04414878 0.03745728 0.04610099 0.04713292 0.04202258 0.03759883
  0.05440872 0.03928197 0.04658958 0.03780514 0.05107742 0.0443773
  0.04728427 0.04992286 0.05443861 0.04569465 0.04392782 0.04499214
  0.05292601 0.0529354  0.06547226 0.03851486 0.10687134 0.04137335
  0.03307389 0.0400919  0.03594283 0.04166518 0.04606846 0.04941364
  0.04032927 0.06042375 0.04081072 0.04007002 0.03977229 0.04063908
  0.04308609 0.04112815 0.04881099 0.03857296 0.05920422 0.03712413
  0.05182874 0.04066106 0.04774583 0.036017  ]]

-std dev fidelity susceptibility / L
[0.01278118 0.01506577 0.02234289 0.03011484 0.02436346 0.02362754
 0.01533622 0.0119887  0.03371286 0.00945742]